timestamp,temperature celsius,data source
2023-04-05T00:00:00Z,33.1,Charge 4
2023-04-05T00:01:00Z,33.1,Charge 4
2023-04-05T00:02:00Z,32.9,Charge 4
2023-04-05T00:03:00Z,32.6,Charge 4
2023-04-05T00:04:00Z,32.3,Charge 4
2023-04-05T00:05:00Z,32.3,Charge 4
2023-04-05T00:06:00Z,32.1,Charge 4
2023-04-05T00:07:00Z,32.0,Charge 4
2023-04-05T00:08:00Z,31.8,Charge 4
2023-04-05T00:09:00Z,31.6,Charge 4
2023-04-05T00:10:00Z,31.5,Charge 4
2023-04-05T00:11:00Z,31.4,Charge 4
2023-04-05T00:12:00Z,31.4,Charge 4
2023-04-05T00:13:00Z,31.4,Charge 4
2023-04-05T00:14:00Z,31.3,Charge 4
2023-04-05T00:15:00Z,31.3,Charge 4
2023-04-05T00:16:00Z,31.3,Charge 4
2023-04-05T00:17:00Z,31.3,Charge 4
2023-04-05T00:18:00Z,31.3,Charge 4
2023-04-05T00:19:00Z,31.3,Charge 4
2023-04-05T00:20:00Z,31.3,Charge 4
2023-04-05T00:21:00Z,31.2,Charge 4
2023-04-05T00:22:00Z,31.1,Charge 4
2023-04-05T00:23:00Z,31.2,Charge 4
2023-04-05T00:24:00Z,31.2,Charge 4
2023-04-05T00:25:00Z,31.2,Charge 4
2023-04-05T00:26:00Z,31.2,Charge 4
2023-04-05T00:27:00Z,31.2,Charge 4
2023-04-05T00:28:00Z,31.2,Charge 4
2023-04-05T00:29:00Z,31.2,Charge 4
2023-04-05T00:30:00Z,31.2,Charge 4
2023-04-05T00:31:00Z,31.1,Charge 4
2023-04-05T00:32:00Z,31.0,Charge 4
2023-04-05T00:33:00Z,30.9,Charge 4
2023-04-05T00:34:00Z,30.7,Charge 4
2023-04-05T00:35:00Z,30.7,Charge 4
2023-04-05T00:36:00Z,30.6,Charge 4
2023-04-05T00:37:00Z,30.5,Charge 4
2023-04-05T00:38:00Z,30.5,Charge 4
2023-04-05T00:39:00Z,30.5,Charge 4
2023-04-05T00:40:00Z,30.5,Charge 4
2023-04-05T00:41:00Z,30.5,Charge 4
2023-04-05T00:42:00Z,30.5,Charge 4
2023-04-05T00:43:00Z,30.5,Charge 4
2023-04-05T00:44:00Z,30.6,Charge 4
2023-04-05T00:45:00Z,30.6,Charge 4
2023-04-05T00:46:00Z,30.6,Charge 4
2023-04-05T00:47:00Z,30.7,Charge 4
2023-04-05T00:48:00Z,30.6,Charge 4
2023-04-05T00:49:00Z,30.5,Charge 4
2023-04-05T00:50:00Z,30.5,Charge 4
2023-04-05T00:51:00Z,30.5,Charge 4
2023-04-05T00:52:00Z,30.5,Charge 4
2023-04-05T00:53:00Z,30.6,Charge 4
2023-04-05T00:54:00Z,30.7,Charge 4
2023-04-05T00:55:00Z,30.8,Charge 4
2023-04-05T00:56:00Z,31.0,Charge 4
2023-04-05T00:57:00Z,31.0,Charge 4
2023-04-05T00:58:00Z,31.1,Charge 4
2023-04-05T00:59:00Z,31.2,Charge 4
2023-04-05T01:00:00Z,31.2,Charge 4
2023-04-05T01:01:00Z,31.3,Charge 4
2023-04-05T01:02:00Z,31.3,Charge 4
2023-04-05T01:03:00Z,31.4,Charge 4
2023-04-05T01:04:00Z,31.4,Charge 4
2023-04-05T01:05:00Z,31.4,Charge 4
2023-04-05T01:06:00Z,31.5,Charge 4
2023-04-05T01:07:00Z,31.5,Charge 4
2023-04-05T01:08:00Z,31.5,Charge 4
2023-04-05T01:09:00Z,31.5,Charge 4
2023-04-05T01:10:00Z,31.5,Charge 4
2023-04-05T01:11:00Z,31.5,Charge 4
2023-04-05T01:12:00Z,31.5,Charge 4
2023-04-05T01:13:00Z,31.5,Charge 4
2023-04-05T01:14:00Z,31.5,Charge 4
2023-04-05T01:15:00Z,31.5,Charge 4
2023-04-05T01:16:00Z,31.5,Charge 4
2023-04-05T01:17:00Z,31.5,Charge 4
2023-04-05T01:18:00Z,31.5,Charge 4
2023-04-05T01:19:00Z,31.5,Charge 4
2023-04-05T01:20:00Z,31.5,Charge 4
2023-04-05T01:21:00Z,31.5,Charge 4
2023-04-05T01:22:00Z,31.5,Charge 4
2023-04-05T01:23:00Z,31.4,Charge 4
2023-04-05T01:24:00Z,31.4,Charge 4
2023-04-05T01:25:00Z,31.4,Charge 4
2023-04-05T01:26:00Z,31.4,Charge 4
2023-04-05T01:27:00Z,31.4,Charge 4
2023-04-05T01:28:00Z,31.4,Charge 4
2023-04-05T01:29:00Z,31.4,Charge 4
2023-04-05T01:30:00Z,31.4,Charge 4
2023-04-05T01:31:00Z,31.5,Charge 4
2023-04-05T01:32:00Z,31.4,Charge 4
2023-04-05T01:33:00Z,31.5,Charge 4
2023-04-05T01:34:00Z,31.5,Charge 4
2023-04-05T01:35:00Z,31.6,Charge 4
2023-04-05T01:36:00Z,31.7,Charge 4
2023-04-05T01:37:00Z,31.7,Charge 4
2023-04-05T01:38:00Z,31.8,Charge 4
2023-04-05T01:39:00Z,31.8,Charge 4
2023-04-05T01:40:00Z,31.8,Charge 4
2023-04-05T01:41:00Z,31.8,Charge 4
2023-04-05T01:42:00Z,31.8,Charge 4
2023-04-05T01:43:00Z,31.8,Charge 4
2023-04-05T01:44:00Z,31.8,Charge 4
2023-04-05T01:45:00Z,31.8,Charge 4
2023-04-05T01:46:00Z,31.7,Charge 4
2023-04-05T01:47:00Z,31.6,Charge 4
2023-04-05T01:48:00Z,31.5,Charge 4
2023-04-05T01:49:00Z,31.5,Charge 4
2023-04-05T01:50:00Z,31.5,Charge 4
2023-04-05T01:51:00Z,31.5,Charge 4
2023-04-05T01:52:00Z,31.4,Charge 4
2023-04-05T01:53:00Z,31.4,Charge 4
2023-04-05T01:54:00Z,31.4,Charge 4
2023-04-05T01:55:00Z,31.3,Charge 4
2023-04-05T01:56:00Z,31.3,Charge 4
2023-04-05T01:57:00Z,31.2,Charge 4
2023-04-05T01:58:00Z,31.2,Charge 4
2023-04-05T01:59:00Z,31.2,Charge 4
2023-04-05T02:00:00Z,31.2,Charge 4
2023-04-05T02:01:00Z,31.2,Charge 4
2023-04-05T02:02:00Z,31.2,Charge 4
2023-04-05T02:03:00Z,31.2,Charge 4
2023-04-05T02:04:00Z,31.2,Charge 4
2023-04-05T02:05:00Z,31.2,Charge 4
2023-04-05T02:06:00Z,31.2,Charge 4
2023-04-05T02:07:00Z,31.2,Charge 4
2023-04-05T02:08:00Z,31.1,Charge 4
2023-04-05T02:09:00Z,31.0,Charge 4
2023-04-05T02:10:00Z,31.0,Charge 4
2023-04-05T02:11:00Z,30.9,Charge 4
2023-04-05T02:12:00Z,30.8,Charge 4
2023-04-05T02:13:00Z,30.7,Charge 4
2023-04-05T02:14:00Z,30.8,Charge 4
2023-04-05T02:15:00Z,31.0,Charge 4
2023-04-05T02:16:00Z,31.1,Charge 4
2023-04-05T02:17:00Z,31.2,Charge 4
2023-04-05T02:18:00Z,31.3,Charge 4
2023-04-05T02:19:00Z,31.4,Charge 4
2023-04-05T02:20:00Z,31.3,Charge 4
2023-04-05T02:21:00Z,31.2,Charge 4
2023-04-05T02:22:00Z,31.0,Charge 4
2023-04-05T02:23:00Z,31.0,Charge 4
2023-04-05T02:24:00Z,30.9,Charge 4
2023-04-05T02:25:00Z,30.9,Charge 4
2023-04-05T02:26:00Z,30.8,Charge 4
2023-04-05T02:27:00Z,30.8,Charge 4
2023-04-05T02:28:00Z,30.8,Charge 4
2023-04-05T02:29:00Z,30.7,Charge 4
2023-04-05T02:30:00Z,30.7,Charge 4
2023-04-05T02:31:00Z,30.6,Charge 4
2023-04-05T02:32:00Z,30.5,Charge 4
2023-04-05T02:33:00Z,30.5,Charge 4
2023-04-05T02:34:00Z,30.5,Charge 4
2023-04-05T02:35:00Z,30.5,Charge 4
2023-04-05T02:36:00Z,30.6,Charge 4
2023-04-05T02:37:00Z,30.6,Charge 4
2023-04-05T02:38:00Z,30.5,Charge 4
2023-04-05T02:39:00Z,30.5,Charge 4
2023-04-05T02:40:00Z,30.5,Charge 4
2023-04-05T02:41:00Z,30.6,Charge 4
2023-04-05T02:42:00Z,30.6,Charge 4
2023-04-05T02:43:00Z,30.6,Charge 4
2023-04-05T02:44:00Z,30.6,Charge 4
2023-04-05T02:45:00Z,30.6,Charge 4
2023-04-05T02:46:00Z,30.6,Charge 4
2023-04-05T02:47:00Z,30.6,Charge 4
2023-04-05T02:48:00Z,30.7,Charge 4
2023-04-05T02:49:00Z,30.7,Charge 4
2023-04-05T02:50:00Z,30.7,Charge 4
2023-04-05T02:51:00Z,30.7,Charge 4
2023-04-05T02:52:00Z,30.7,Charge 4
2023-04-05T02:53:00Z,30.7,Charge 4
2023-04-05T02:54:00Z,30.8,Charge 4
2023-04-05T02:55:00Z,30.8,Charge 4
2023-04-05T02:56:00Z,30.8,Charge 4
2023-04-05T02:57:00Z,30.7,Charge 4
2023-04-05T02:58:00Z,30.5,Charge 4
2023-04-05T02:59:00Z,30.5,Charge 4
2023-04-05T03:00:00Z,30.3,Charge 4
2023-04-05T03:01:00Z,30.1,Charge 4
2023-04-05T03:02:00Z,30.0,Charge 4
2023-04-05T03:03:00Z,29.9,Charge 4
2023-04-05T03:04:00Z,29.9,Charge 4
2023-04-05T03:05:00Z,29.9,Charge 4
2023-04-05T03:06:00Z,29.9,Charge 4
2023-04-05T03:07:00Z,29.9,Charge 4
2023-04-05T03:08:00Z,30.0,Charge 4
2023-04-05T03:09:00Z,30.0,Charge 4
2023-04-05T03:10:00Z,30.0,Charge 4
2023-04-05T03:11:00Z,30.1,Charge 4
2023-04-05T03:12:00Z,30.4,Charge 4
2023-04-05T03:13:00Z,30.5,Charge 4
2023-04-05T03:14:00Z,30.7,Charge 4
2023-04-05T03:15:00Z,30.9,Charge 4
2023-04-05T03:16:00Z,31.0,Charge 4
2023-04-05T03:17:00Z,31.2,Charge 4
2023-04-05T03:18:00Z,31.3,Charge 4
2023-04-05T03:19:00Z,31.4,Charge 4
2023-04-05T03:20:00Z,31.5,Charge 4
2023-04-05T03:21:00Z,31.6,Charge 4
2023-04-05T03:22:00Z,31.6,Charge 4
2023-04-05T03:23:00Z,31.5,Charge 4
2023-04-05T03:24:00Z,31.5,Charge 4
2023-04-05T03:25:00Z,31.5,Charge 4
2023-04-05T03:26:00Z,31.5,Charge 4
2023-04-05T03:27:00Z,31.5,Charge 4
2023-04-05T03:28:00Z,31.6,Charge 4
2023-04-05T03:29:00Z,31.6,Charge 4
2023-04-05T03:30:00Z,31.8,Charge 4
2023-04-05T03:31:00Z,31.9,Charge 4
2023-04-05T03:32:00Z,32.0,Charge 4
2023-04-05T03:33:00Z,32.0,Charge 4
2023-04-05T03:34:00Z,32.0,Charge 4
2023-04-05T03:35:00Z,32.0,Charge 4
2023-04-05T03:36:00Z,31.9,Charge 4
2023-04-05T03:37:00Z,31.8,Charge 4
2023-04-05T03:38:00Z,31.7,Charge 4
2023-04-05T03:39:00Z,31.5,Charge 4
2023-04-05T03:40:00Z,31.5,Charge 4
2023-04-05T03:41:00Z,31.3,Charge 4
2023-04-05T03:42:00Z,31.2,Charge 4
2023-04-05T03:43:00Z,31.2,Charge 4
2023-04-05T03:44:00Z,31.1,Charge 4
2023-04-05T03:45:00Z,31.0,Charge 4
2023-04-05T03:46:00Z,31.0,Charge 4
2023-04-05T03:47:00Z,31.0,Charge 4
2023-04-05T03:48:00Z,31.0,Charge 4
2023-04-05T03:49:00Z,31.0,Charge 4
2023-04-05T03:50:00Z,31.0,Charge 4
2023-04-05T03:51:00Z,31.0,Charge 4
2023-04-05T03:52:00Z,31.0,Charge 4
2023-04-05T03:53:00Z,30.9,Charge 4
2023-04-05T03:54:00Z,30.9,Charge 4
2023-04-05T03:55:00Z,30.9,Charge 4
2023-04-05T03:56:00Z,30.9,Charge 4
2023-04-05T03:57:00Z,30.8,Charge 4
2023-04-05T03:58:00Z,30.7,Charge 4
2023-04-05T03:59:00Z,30.8,Charge 4
2023-04-05T04:00:00Z,30.8,Charge 4
2023-04-05T04:01:00Z,30.8,Charge 4
2023-04-05T04:02:00Z,30.8,Charge 4
2023-04-05T04:03:00Z,30.8,Charge 4
2023-04-05T04:04:00Z,30.8,Charge 4
2023-04-05T04:05:00Z,30.7,Charge 4
2023-04-05T04:06:00Z,30.7,Charge 4
2023-04-05T04:07:00Z,30.6,Charge 4
2023-04-05T04:08:00Z,30.6,Charge 4
2023-04-05T04:09:00Z,30.5,Charge 4
2023-04-05T04:10:00Z,30.5,Charge 4
2023-04-05T04:11:00Z,30.5,Charge 4
2023-04-05T04:12:00Z,30.5,Charge 4
2023-04-05T04:13:00Z,30.6,Charge 4
2023-04-05T04:14:00Z,30.8,Charge 4
2023-04-05T04:15:00Z,31.0,Charge 4
2023-04-05T04:16:00Z,30.8,Charge 4
2023-04-05T04:17:00Z,30.7,Charge 4
2023-04-05T04:18:00Z,30.5,Charge 4
2023-04-05T04:19:00Z,30.5,Charge 4
2023-04-05T04:20:00Z,30.3,Charge 4
2023-04-05T04:21:00Z,30.2,Charge 4
2023-04-05T04:22:00Z,30.2,Charge 4
2023-04-05T04:23:00Z,30.1,Charge 4
2023-04-05T04:24:00Z,30.0,Charge 4
2023-04-05T04:25:00Z,30.0,Charge 4
2023-04-05T04:26:00Z,30.0,Charge 4
2023-04-05T04:27:00Z,29.9,Charge 4
2023-04-05T04:28:00Z,29.9,Charge 4
2023-04-05T04:29:00Z,29.8,Charge 4
2023-04-05T04:30:00Z,29.8,Charge 4
2023-04-05T04:31:00Z,29.7,Charge 4
2023-04-05T04:32:00Z,29.7,Charge 4
2023-04-05T04:33:00Z,29.7,Charge 4
2023-04-05T04:34:00Z,29.7,Charge 4
2023-04-05T04:35:00Z,29.9,Charge 4
2023-04-05T04:36:00Z,30.1,Charge 4
2023-04-05T04:37:00Z,30.3,Charge 4
2023-04-05T04:38:00Z,30.5,Charge 4
2023-04-05T04:39:00Z,30.7,Charge 4
2023-04-05T04:40:00Z,30.8,Charge 4
2023-04-05T04:41:00Z,31.0,Charge 4
2023-04-05T04:42:00Z,31.0,Charge 4
2023-04-05T04:43:00Z,31.1,Charge 4
2023-04-05T04:44:00Z,31.1,Charge 4
2023-04-05T04:45:00Z,31.2,Charge 4
2023-04-05T04:46:00Z,31.2,Charge 4
2023-04-05T04:47:00Z,31.2,Charge 4
2023-04-05T04:48:00Z,31.2,Charge 4
2023-04-05T04:49:00Z,31.2,Charge 4
2023-04-05T04:50:00Z,31.2,Charge 4
2023-04-05T04:51:00Z,31.3,Charge 4
2023-04-05T04:52:00Z,31.3,Charge 4
2023-04-05T04:53:00Z,31.3,Charge 4
2023-04-05T04:54:00Z,31.3,Charge 4
2023-04-05T04:55:00Z,31.3,Charge 4
2023-04-05T04:56:00Z,31.4,Charge 4
2023-04-05T04:57:00Z,31.4,Charge 4
2023-04-05T04:58:00Z,31.4,Charge 4
2023-04-05T04:59:00Z,31.4,Charge 4
2023-04-05T05:00:00Z,31.4,Charge 4
2023-04-05T05:01:00Z,31.4,Charge 4
2023-04-05T05:02:00Z,31.4,Charge 4
2023-04-05T05:03:00Z,31.4,Charge 4
2023-04-05T05:04:00Z,31.4,Charge 4
2023-04-05T05:05:00Z,31.4,Charge 4
2023-04-05T05:06:00Z,31.5,Charge 4
2023-04-05T05:07:00Z,31.5,Charge 4
2023-04-05T05:08:00Z,31.5,Charge 4
2023-04-05T05:09:00Z,31.5,Charge 4
2023-04-05T05:10:00Z,31.5,Charge 4
2023-04-05T05:11:00Z,31.5,Charge 4
2023-04-05T05:12:00Z,31.5,Charge 4
2023-04-05T05:13:00Z,31.5,Charge 4
2023-04-05T05:14:00Z,31.5,Charge 4
2023-04-05T05:15:00Z,31.5,Charge 4
2023-04-05T05:16:00Z,31.5,Charge 4
2023-04-05T05:17:00Z,31.5,Charge 4
2023-04-05T05:18:00Z,31.5,Charge 4
2023-04-05T05:19:00Z,31.5,Charge 4
2023-04-05T05:20:00Z,31.5,Charge 4
2023-04-05T05:21:00Z,31.3,Charge 4
2023-04-05T05:22:00Z,31.2,Charge 4
2023-04-05T05:23:00Z,31.2,Charge 4
2023-04-05T05:24:00Z,31.1,Charge 4
2023-04-05T05:25:00Z,31.1,Charge 4
2023-04-05T05:26:00Z,31.0,Charge 4
2023-04-05T05:27:00Z,31.0,Charge 4
2023-04-05T05:28:00Z,30.9,Charge 4
2023-04-05T05:29:00Z,30.8,Charge 4
2023-04-05T05:30:00Z,30.8,Charge 4
2023-04-05T05:31:00Z,30.9,Charge 4
2023-04-05T05:32:00Z,31.0,Charge 4
2023-04-05T05:33:00Z,31.2,Charge 4
2023-04-05T05:34:00Z,31.5,Charge 4
2023-04-05T05:35:00Z,31.6,Charge 4
2023-04-05T05:36:00Z,31.8,Charge 4
2023-04-05T05:37:00Z,31.9,Charge 4
2023-04-05T05:38:00Z,32.1,Charge 4
2023-04-05T05:39:00Z,32.1,Charge 4
2023-04-05T05:40:00Z,32.2,Charge 4
2023-04-05T05:41:00Z,32.3,Charge 4
2023-04-05T05:42:00Z,32.0,Charge 4
2023-04-05T05:43:00Z,31.7,Charge 4
2023-04-05T05:44:00Z,31.4,Charge 4
2023-04-05T05:45:00Z,31.2,Charge 4
2023-04-05T05:46:00Z,31.0,Charge 4
2023-04-05T05:47:00Z,31.0,Charge 4
2023-04-05T05:48:00Z,31.1,Charge 4
2023-04-05T05:49:00Z,31.1,Charge 4
2023-04-05T05:50:00Z,31.0,Charge 4
2023-04-05T05:51:00Z,30.9,Charge 4
2023-04-05T05:52:00Z,30.7,Charge 4
2023-04-05T05:53:00Z,30.6,Charge 4
2023-04-05T05:54:00Z,30.6,Charge 4
2023-04-05T05:55:00Z,30.5,Charge 4
2023-04-05T05:56:00Z,30.5,Charge 4
2023-04-05T05:57:00Z,30.4,Charge 4
2023-04-05T05:58:00Z,30.5,Charge 4
2023-04-05T05:59:00Z,30.6,Charge 4
2023-04-05T06:00:00Z,30.6,Charge 4
2023-04-05T06:01:00Z,30.6,Charge 4
2023-04-05T06:02:00Z,30.6,Charge 4
2023-04-05T06:03:00Z,30.6,Charge 4
2023-04-05T06:04:00Z,30.5,Charge 4
2023-04-05T06:05:00Z,30.5,Charge 4
2023-04-05T06:06:00Z,30.5,Charge 4
2023-04-05T06:07:00Z,30.5,Charge 4
2023-04-05T06:08:00Z,30.4,Charge 4
2023-04-05T06:09:00Z,30.4,Charge 4
2023-04-05T06:10:00Z,30.4,Charge 4
2023-04-05T06:11:00Z,30.3,Charge 4
2023-04-05T06:12:00Z,30.3,Charge 4
2023-04-05T06:13:00Z,30.3,Charge 4
2023-04-05T06:14:00Z,30.3,Charge 4
2023-04-05T06:15:00Z,30.4,Charge 4
2023-04-05T06:16:00Z,30.4,Charge 4
2023-04-05T06:17:00Z,29.7,Charge 4
2023-04-05T06:18:00Z,28.4,Charge 4
2023-04-05T06:19:00Z,27.5,Charge 4
2023-04-05T06:20:00Z,26.7,Charge 4
2023-04-05T06:21:00Z,26.0,Charge 4
2023-04-05T06:22:00Z,25.4,Charge 4
2023-04-05T06:23:00Z,24.9,Charge 4
2023-04-05T06:24:00Z,24.5,Charge 4
2023-04-05T06:25:00Z,24.1,Charge 4
2023-04-05T06:26:00Z,23.7,Charge 4
2023-04-05T06:27:00Z,23.4,Charge 4
2023-04-05T06:28:00Z,23.1,Charge 4
2023-04-05T06:29:00Z,22.9,Charge 4
2023-04-05T06:30:00Z,22.7,Charge 4
2023-04-05T06:31:00Z,22.5,Charge 4
2023-04-05T06:32:00Z,22.3,Charge 4
2023-04-05T06:33:00Z,22.1,Charge 4
2023-04-05T06:34:00Z,22.0,Charge 4
2023-04-05T06:35:00Z,21.8,Charge 4
2023-04-05T06:36:00Z,21.7,Charge 4
2023-04-05T06:37:00Z,21.6,Charge 4
2023-04-05T06:38:00Z,21.5,Charge 4
2023-04-05T06:39:00Z,21.4,Charge 4
2023-04-05T06:40:00Z,21.3,Charge 4
2023-04-05T06:41:00Z,21.2,Charge 4
2023-04-05T06:42:00Z,21.1,Charge 4
2023-04-05T06:43:00Z,21.1,Charge 4
2023-04-05T06:44:00Z,21.0,Charge 4
2023-04-05T06:45:00Z,20.9,Charge 4
2023-04-05T06:46:00Z,20.9,Charge 4
2023-04-05T06:47:00Z,20.8,Charge 4
2023-04-05T06:48:00Z,20.8,Charge 4
2023-04-05T06:49:00Z,20.7,Charge 4
2023-04-05T06:50:00Z,20.7,Charge 4
2023-04-05T06:51:00Z,20.7,Charge 4
2023-04-05T06:52:00Z,20.6,Charge 4
2023-04-05T06:53:00Z,22.0,Charge 4
2023-04-05T06:54:00Z,24.9,Charge 4
2023-04-05T06:55:00Z,25.9,Charge 4
2023-04-05T06:56:00Z,26.4,Charge 4
2023-04-05T06:57:00Z,26.9,Charge 4
2023-04-05T06:58:00Z,27.3,Charge 4
2023-04-05T06:59:00Z,27.7,Charge 4
2023-04-05T07:00:00Z,28.2,Charge 4
2023-04-05T07:01:00Z,28.6,Charge 4
2023-04-05T07:02:00Z,28.8,Charge 4
2023-04-05T07:03:00Z,29.0,Charge 4
2023-04-05T07:04:00Z,29.2,Charge 4
2023-04-05T07:05:00Z,29.4,Charge 4
2023-04-05T07:06:00Z,29.5,Charge 4
2023-04-05T07:07:00Z,29.6,Charge 4
2023-04-05T07:08:00Z,29.7,Charge 4
2023-04-05T07:09:00Z,29.9,Charge 4
2023-04-05T07:10:00Z,29.8,Charge 4
2023-04-05T07:11:00Z,29.8,Charge 4
2023-04-05T07:12:00Z,29.9,Charge 4
2023-04-05T07:13:00Z,30.0,Charge 4
2023-04-05T07:14:00Z,30.0,Charge 4
2023-04-05T07:15:00Z,30.0,Charge 4
2023-04-05T07:16:00Z,29.9,Charge 4
2023-04-05T07:17:00Z,29.8,Charge 4
2023-04-05T07:18:00Z,29.6,Charge 4
2023-04-05T07:19:00Z,29.4,Charge 4
2023-04-05T07:20:00Z,29.5,Charge 4
2023-04-05T07:21:00Z,29.7,Charge 4
2023-04-05T07:22:00Z,29.8,Charge 4
2023-04-05T07:23:00Z,30.0,Charge 4
2023-04-05T07:24:00Z,30.3,Charge 4
2023-04-05T07:25:00Z,30.5,Charge 4
2023-04-05T07:26:00Z,30.7,Charge 4
2023-04-05T07:27:00Z,31.0,Charge 4
2023-04-05T07:28:00Z,31.2,Charge 4
2023-04-05T07:29:00Z,31.4,Charge 4
2023-04-05T07:30:00Z,31.3,Charge 4
2023-04-05T07:31:00Z,31.1,Charge 4
2023-04-05T07:32:00Z,30.9,Charge 4
2023-04-05T07:33:00Z,30.7,Charge 4
2023-04-05T07:34:00Z,30.6,Charge 4
2023-04-05T07:35:00Z,30.5,Charge 4
2023-04-05T07:36:00Z,30.3,Charge 4
2023-04-05T07:37:00Z,30.2,Charge 4
2023-04-05T07:38:00Z,30.1,Charge 4
2023-04-05T07:39:00Z,30.0,Charge 4
2023-04-05T07:40:00Z,30.0,Charge 4
2023-04-05T07:41:00Z,29.9,Charge 4
2023-04-05T07:42:00Z,29.9,Charge 4
2023-04-05T07:43:00Z,29.9,Charge 4
2023-04-05T07:44:00Z,29.6,Charge 4
2023-04-05T07:45:00Z,29.4,Charge 4
2023-04-05T07:46:00Z,29.2,Charge 4
2023-04-05T07:47:00Z,29.1,Charge 4
2023-04-05T07:48:00Z,29.1,Charge 4
2023-04-05T07:49:00Z,29.1,Charge 4
2023-04-05T07:50:00Z,29.2,Charge 4
2023-04-05T07:51:00Z,29.3,Charge 4
2023-04-05T07:52:00Z,29.4,Charge 4
2023-04-05T07:53:00Z,29.4,Charge 4
2023-04-05T07:54:00Z,29.4,Charge 4
2023-04-05T07:55:00Z,29.5,Charge 4
2023-04-05T07:56:00Z,29.6,Charge 4
2023-04-05T07:57:00Z,29.5,Charge 4
2023-04-05T07:58:00Z,29.4,Charge 4
2023-04-05T07:59:00Z,29.2,Charge 4
2023-04-05T08:00:00Z,29.0,Charge 4
2023-04-05T08:01:00Z,29.0,Charge 4
2023-04-05T08:02:00Z,29.0,Charge 4
2023-04-05T08:03:00Z,29.2,Charge 4
2023-04-05T08:04:00Z,29.2,Charge 4
2023-04-05T08:05:00Z,29.3,Charge 4
2023-04-05T08:06:00Z,29.4,Charge 4
2023-04-05T08:07:00Z,29.6,Charge 4
2023-04-05T08:08:00Z,29.6,Charge 4
2023-04-05T08:09:00Z,29.6,Charge 4
2023-04-05T08:10:00Z,29.7,Charge 4
2023-04-05T08:11:00Z,29.8,Charge 4
2023-04-05T08:12:00Z,29.9,Charge 4
2023-04-05T08:13:00Z,30.0,Charge 4
2023-04-05T08:14:00Z,30.1,Charge 4
2023-04-05T08:15:00Z,30.0,Charge 4
2023-04-05T08:16:00Z,30.0,Charge 4
2023-04-05T08:17:00Z,30.1,Charge 4
2023-04-05T08:18:00Z,30.2,Charge 4
2023-04-05T08:19:00Z,30.2,Charge 4
2023-04-05T08:20:00Z,30.4,Charge 4
2023-04-05T08:21:00Z,30.3,Charge 4
2023-04-05T08:22:00Z,30.3,Charge 4
2023-04-05T08:23:00Z,30.2,Charge 4
2023-04-05T08:24:00Z,30.1,Charge 4
2023-04-05T08:25:00Z,30.2,Charge 4
2023-04-05T08:26:00Z,30.3,Charge 4
2023-04-05T08:27:00Z,30.2,Charge 4
2023-04-05T08:28:00Z,30.0,Charge 4
2023-04-05T08:29:00Z,29.7,Charge 4
2023-04-05T08:30:00Z,29.4,Charge 4
2023-04-05T08:31:00Z,29.2,Charge 4
2023-04-05T08:32:00Z,28.6,Charge 4
2023-04-05T08:33:00Z,28.2,Charge 4
2023-04-05T08:34:00Z,28.1,Charge 4
2023-04-05T08:35:00Z,28.0,Charge 4
2023-04-05T08:36:00Z,27.9,Charge 4
2023-04-05T08:37:00Z,27.8,Charge 4
2023-04-05T08:38:00Z,28.0,Charge 4
2023-04-05T08:39:00Z,28.0,Charge 4
2023-04-05T08:40:00Z,28.2,Charge 4
2023-04-05T08:41:00Z,28.2,Charge 4
2023-04-05T08:42:00Z,28.5,Charge 4
2023-04-05T08:43:00Z,28.7,Charge 4
2023-04-05T08:44:00Z,28.9,Charge 4
2023-04-05T08:45:00Z,29.2,Charge 4
2023-04-05T08:46:00Z,29.6,Charge 4
2023-04-05T08:47:00Z,29.8,Charge 4
2023-04-05T08:48:00Z,30.0,Charge 4
2023-04-05T08:49:00Z,30.2,Charge 4
2023-04-05T08:50:00Z,30.5,Charge 4
2023-04-05T08:51:00Z,30.6,Charge 4
2023-04-05T08:52:00Z,30.7,Charge 4
2023-04-05T08:53:00Z,30.9,Charge 4
2023-04-05T08:54:00Z,31.0,Charge 4
2023-04-05T08:55:00Z,31.0,Charge 4
2023-04-05T08:56:00Z,31.1,Charge 4
2023-04-05T08:57:00Z,31.1,Charge 4
2023-04-05T08:58:00Z,31.1,Charge 4
2023-04-05T08:59:00Z,31.2,Charge 4
2023-04-05T09:00:00Z,31.2,Charge 4
2023-04-05T09:01:00Z,31.3,Charge 4
2023-04-05T09:02:00Z,31.3,Charge 4
2023-04-05T09:03:00Z,31.4,Charge 4
2023-04-05T09:04:00Z,31.5,Charge 4
2023-04-05T09:05:00Z,31.5,Charge 4
2023-04-05T09:06:00Z,31.5,Charge 4
2023-04-05T09:07:00Z,31.6,Charge 4
2023-04-05T09:08:00Z,31.6,Charge 4
2023-04-05T09:09:00Z,31.7,Charge 4
2023-04-05T09:10:00Z,31.7,Charge 4
2023-04-05T09:11:00Z,31.5,Charge 4
2023-04-05T09:12:00Z,31.4,Charge 4
2023-04-05T09:13:00Z,31.4,Charge 4
2023-04-05T09:14:00Z,31.3,Charge 4
2023-04-05T09:15:00Z,31.4,Charge 4
2023-04-05T09:16:00Z,31.5,Charge 4
2023-04-05T09:17:00Z,31.5,Charge 4
2023-04-05T09:18:00Z,31.5,Charge 4
2023-04-05T09:19:00Z,31.6,Charge 4
2023-04-05T09:20:00Z,31.6,Charge 4
2023-04-05T09:21:00Z,31.7,Charge 4
2023-04-05T09:22:00Z,31.7,Charge 4
2023-04-05T09:23:00Z,31.7,Charge 4
2023-04-05T09:24:00Z,31.7,Charge 4
2023-04-05T09:25:00Z,31.7,Charge 4
2023-04-05T09:26:00Z,31.7,Charge 4
2023-04-05T09:27:00Z,31.8,Charge 4
2023-04-05T09:28:00Z,31.8,Charge 4
2023-04-05T09:29:00Z,31.3,Charge 4
2023-04-05T09:30:00Z,29.6,Charge 4
2023-04-05T09:31:00Z,28.5,Charge 4
2023-04-05T09:32:00Z,27.6,Charge 4
2023-04-05T09:33:00Z,26.9,Charge 4
2023-04-05T09:34:00Z,26.3,Charge 4
2023-04-05T09:35:00Z,25.7,Charge 4
2023-04-05T09:36:00Z,25.2,Charge 4
2023-04-05T09:37:00Z,24.8,Charge 4
2023-04-05T09:38:00Z,24.4,Charge 4
2023-04-05T09:39:00Z,24.0,Charge 4
2023-04-05T09:40:00Z,24.2,Charge 4
2023-04-05T09:41:00Z,25.8,Charge 4
2023-04-05T09:42:00Z,26.8,Charge 4
2023-04-05T09:43:00Z,27.5,Charge 4
2023-04-05T09:44:00Z,27.9,Charge 4
2023-04-05T09:45:00Z,28.3,Charge 4
2023-04-05T09:46:00Z,28.6,Charge 4
2023-04-05T09:47:00Z,28.8,Charge 4
2023-04-05T09:48:00Z,29.0,Charge 4
2023-04-05T09:49:00Z,29.3,Charge 4
2023-04-05T09:50:00Z,29.6,Charge 4
2023-04-05T09:51:00Z,29.8,Charge 4
2023-04-05T09:52:00Z,29.9,Charge 4
2023-04-05T09:53:00Z,30.0,Charge 4
2023-04-05T09:54:00Z,30.1,Charge 4
2023-04-05T09:55:00Z,30.2,Charge 4
2023-04-05T09:56:00Z,30.2,Charge 4
2023-04-05T09:57:00Z,30.1,Charge 4
2023-04-05T09:58:00Z,30.0,Charge 4
2023-04-05T09:59:00Z,30.0,Charge 4
2023-04-05T10:00:00Z,29.9,Charge 4
2023-04-05T10:01:00Z,29.8,Charge 4
2023-04-05T10:02:00Z,29.7,Charge 4
2023-04-05T10:03:00Z,29.7,Charge 4
2023-04-05T10:04:00Z,29.7,Charge 4
2023-04-05T10:05:00Z,29.7,Charge 4
2023-04-05T10:06:00Z,29.7,Charge 4
2023-04-05T10:07:00Z,29.8,Charge 4
2023-04-05T10:08:00Z,30.0,Charge 4
2023-04-05T10:09:00Z,30.2,Charge 4
2023-04-05T10:10:00Z,30.5,Charge 4
2023-04-05T10:11:00Z,30.5,Charge 4
2023-04-05T10:12:00Z,30.5,Charge 4
2023-04-05T10:13:00Z,30.5,Charge 4
2023-04-05T10:14:00Z,30.7,Charge 4
2023-04-05T10:15:00Z,31.0,Charge 4
2023-04-05T10:16:00Z,31.0,Charge 4
2023-04-05T10:17:00Z,31.0,Charge 4
2023-04-05T10:18:00Z,31.0,Charge 4
2023-04-05T10:19:00Z,30.9,Charge 4
2023-04-05T10:20:00Z,30.9,Charge 4
2023-04-05T10:21:00Z,30.9,Charge 4
2023-04-05T10:22:00Z,30.8,Charge 4
2023-04-05T10:23:00Z,30.7,Charge 4
2023-04-05T10:24:00Z,30.7,Charge 4
2023-04-05T10:25:00Z,30.7,Charge 4
2023-04-05T10:26:00Z,30.8,Charge 4
2023-04-05T10:27:00Z,30.7,Charge 4
2023-04-05T10:28:00Z,30.7,Charge 4
2023-04-05T10:29:00Z,30.5,Charge 4
2023-04-05T10:30:00Z,30.3,Charge 4
2023-04-05T10:31:00Z,30.1,Charge 4
2023-04-05T10:32:00Z,30.0,Charge 4
2023-04-05T10:33:00Z,29.8,Charge 4
2023-04-05T10:34:00Z,29.7,Charge 4
2023-04-05T10:35:00Z,29.5,Charge 4
2023-04-05T10:36:00Z,29.3,Charge 4
2023-04-05T10:37:00Z,28.9,Charge 4
2023-04-05T10:38:00Z,28.6,Charge 4
2023-04-05T10:39:00Z,28.3,Charge 4
2023-04-05T10:40:00Z,28.2,Charge 4
2023-04-05T10:41:00Z,28.1,Charge 4
2023-04-05T10:42:00Z,27.9,Charge 4
2023-04-05T10:43:00Z,27.7,Charge 4
2023-04-05T10:44:00Z,27.5,Charge 4
2023-04-05T10:45:00Z,27.5,Charge 4
2023-04-05T10:46:00Z,27.4,Charge 4
2023-04-05T10:47:00Z,27.3,Charge 4
2023-04-05T10:48:00Z,27.2,Charge 4
2023-04-05T10:49:00Z,27.1,Charge 4
2023-04-05T10:50:00Z,27.0,Charge 4
2023-04-05T10:51:00Z,26.9,Charge 4
2023-04-05T10:52:00Z,26.8,Charge 4
2023-04-05T10:53:00Z,26.9,Charge 4
2023-04-05T10:54:00Z,26.7,Charge 4
2023-04-05T10:55:00Z,26.7,Charge 4
2023-04-05T10:56:00Z,26.6,Charge 4
2023-04-05T10:57:00Z,26.4,Charge 4
2023-04-05T10:58:00Z,26.1,Charge 4
2023-04-05T10:59:00Z,26.0,Charge 4
2023-04-05T11:00:00Z,25.9,Charge 4
2023-04-05T11:01:00Z,25.8,Charge 4
2023-04-05T11:02:00Z,25.7,Charge 4
2023-04-05T11:03:00Z,25.7,Charge 4
2023-04-05T11:04:00Z,25.7,Charge 4
2023-04-05T11:05:00Z,25.8,Charge 4
2023-04-05T11:06:00Z,26.2,Charge 4
2023-04-05T11:07:00Z,26.5,Charge 4
2023-04-05T11:08:00Z,26.9,Charge 4
2023-04-05T11:09:00Z,27.3,Charge 4
2023-04-05T11:10:00Z,27.8,Charge 4
2023-04-05T11:11:00Z,28.2,Charge 4
2023-04-05T11:12:00Z,28.4,Charge 4
2023-04-05T11:13:00Z,28.5,Charge 4
2023-04-05T11:14:00Z,28.9,Charge 4
2023-04-05T11:15:00Z,28.9,Charge 4
2023-04-05T11:16:00Z,29.0,Charge 4
2023-04-05T11:17:00Z,29.1,Charge 4
2023-04-05T11:18:00Z,29.1,Charge 4
2023-04-05T11:19:00Z,29.3,Charge 4
2023-04-05T11:20:00Z,29.4,Charge 4
2023-04-05T11:21:00Z,29.5,Charge 4
2023-04-05T11:22:00Z,29.6,Charge 4
2023-04-05T11:23:00Z,29.9,Charge 4
2023-04-05T11:24:00Z,30.0,Charge 4
2023-04-05T11:25:00Z,29.9,Charge 4
2023-04-05T11:26:00Z,29.8,Charge 4
2023-04-05T11:27:00Z,29.7,Charge 4
2023-04-05T11:28:00Z,29.7,Charge 4
2023-04-05T11:29:00Z,29.8,Charge 4
2023-04-05T11:30:00Z,29.9,Charge 4
2023-04-05T11:31:00Z,29.9,Charge 4
2023-04-05T11:32:00Z,30.0,Charge 4
2023-04-05T11:33:00Z,30.2,Charge 4
2023-04-05T11:34:00Z,30.2,Charge 4
2023-04-05T11:35:00Z,30.3,Charge 4
2023-04-05T11:36:00Z,30.3,Charge 4
2023-04-05T11:37:00Z,30.2,Charge 4
2023-04-05T11:38:00Z,30.0,Charge 4
2023-04-05T11:39:00Z,29.7,Charge 4
2023-04-05T11:40:00Z,29.4,Charge 4
2023-04-05T11:41:00Z,29.2,Charge 4
2023-04-05T11:42:00Z,29.0,Charge 4
2023-04-05T11:43:00Z,28.8,Charge 4
2023-04-05T11:44:00Z,28.6,Charge 4
2023-04-05T11:45:00Z,28.4,Charge 4
2023-04-05T11:46:00Z,28.4,Charge 4
2023-04-05T11:47:00Z,28.4,Charge 4
2023-04-05T11:48:00Z,28.6,Charge 4
2023-04-05T11:49:00Z,28.8,Charge 4
2023-04-05T11:50:00Z,29.1,Charge 4
2023-04-05T11:51:00Z,29.3,Charge 4
2023-04-05T11:52:00Z,29.5,Charge 4
2023-04-05T11:53:00Z,29.7,Charge 4
2023-04-05T11:54:00Z,30.0,Charge 4
2023-04-05T11:55:00Z,29.9,Charge 4
2023-04-05T11:56:00Z,29.7,Charge 4
2023-04-05T11:57:00Z,29.7,Charge 4
2023-04-05T11:58:00Z,29.8,Charge 4
2023-04-05T11:59:00Z,30.0,Charge 4
2023-04-05T12:00:00Z,30.0,Charge 4
2023-04-05T12:01:00Z,30.0,Charge 4
2023-04-05T12:02:00Z,30.0,Charge 4
2023-04-05T12:03:00Z,30.0,Charge 4
2023-04-05T12:04:00Z,29.9,Charge 4
2023-04-05T12:05:00Z,29.9,Charge 4
2023-04-05T12:06:00Z,30.0,Charge 4
2023-04-05T12:07:00Z,30.0,Charge 4
2023-04-05T12:08:00Z,29.9,Charge 4
2023-04-05T12:09:00Z,29.9,Charge 4
2023-04-05T12:10:00Z,29.9,Charge 4
2023-04-05T12:11:00Z,29.7,Charge 4
2023-04-05T12:12:00Z,29.7,Charge 4
2023-04-05T12:13:00Z,29.8,Charge 4
2023-04-05T12:14:00Z,29.8,Charge 4
2023-04-05T12:15:00Z,29.8,Charge 4
2023-04-05T12:16:00Z,29.7,Charge 4
2023-04-05T12:17:00Z,29.8,Charge 4
2023-04-05T12:18:00Z,29.8,Charge 4
2023-04-05T12:19:00Z,29.8,Charge 4
2023-04-05T12:20:00Z,29.8,Charge 4
2023-04-05T12:21:00Z,29.7,Charge 4
2023-04-05T12:22:00Z,29.6,Charge 4
2023-04-05T12:23:00Z,29.4,Charge 4
2023-04-05T12:24:00Z,29.4,Charge 4
2023-04-05T12:25:00Z,29.4,Charge 4
2023-04-05T12:26:00Z,29.4,Charge 4
2023-04-05T12:27:00Z,29.4,Charge 4
2023-04-05T12:28:00Z,29.4,Charge 4
2023-04-05T12:29:00Z,29.4,Charge 4
2023-04-05T12:30:00Z,29.4,Charge 4
2023-04-05T12:31:00Z,29.3,Charge 4
2023-04-05T12:32:00Z,29.3,Charge 4
2023-04-05T12:33:00Z,29.3,Charge 4
2023-04-05T12:34:00Z,29.5,Charge 4
2023-04-05T12:35:00Z,29.5,Charge 4
2023-04-05T12:36:00Z,29.5,Charge 4
2023-04-05T12:37:00Z,29.3,Charge 4
2023-04-05T12:38:00Z,29.3,Charge 4
2023-04-05T12:39:00Z,29.3,Charge 4
2023-04-05T12:40:00Z,29.1,Charge 4
2023-04-05T12:41:00Z,29.0,Charge 4
2023-04-05T12:42:00Z,28.9,Charge 4
2023-04-05T12:43:00Z,28.9,Charge 4
2023-04-05T12:44:00Z,29.0,Charge 4
2023-04-05T12:45:00Z,29.0,Charge 4
2023-04-05T12:46:00Z,28.9,Charge 4
2023-04-05T12:47:00Z,28.8,Charge 4
2023-04-05T12:48:00Z,28.8,Charge 4
2023-04-05T12:49:00Z,28.8,Charge 4
2023-04-05T12:50:00Z,28.8,Charge 4
2023-04-05T12:51:00Z,28.9,Charge 4
2023-04-05T12:52:00Z,28.9,Charge 4
2023-04-05T12:53:00Z,28.8,Charge 4
2023-04-05T12:54:00Z,28.7,Charge 4
2023-04-05T12:55:00Z,28.4,Charge 4
2023-04-05T12:56:00Z,28.0,Charge 4
2023-04-05T12:57:00Z,27.7,Charge 4
2023-04-05T12:58:00Z,27.5,Charge 4
2023-04-05T12:59:00Z,27.2,Charge 4
2023-04-05T13:00:00Z,27.1,Charge 4
2023-04-05T13:01:00Z,26.9,Charge 4
2023-04-05T13:02:00Z,26.9,Charge 4
2023-04-05T13:03:00Z,26.8,Charge 4
2023-04-05T13:04:00Z,26.8,Charge 4
2023-04-05T13:05:00Z,26.8,Charge 4
2023-04-05T13:06:00Z,26.7,Charge 4
2023-04-05T13:07:00Z,26.8,Charge 4
2023-04-05T13:08:00Z,27.2,Charge 4
2023-04-05T13:09:00Z,27.4,Charge 4
2023-04-05T13:10:00Z,27.5,Charge 4
2023-04-05T13:11:00Z,27.5,Charge 4
2023-04-05T13:12:00Z,27.6,Charge 4
2023-04-05T13:13:00Z,27.8,Charge 4
2023-04-05T13:14:00Z,28.2,Charge 4
2023-04-05T13:15:00Z,28.6,Charge 4
2023-04-05T13:16:00Z,28.9,Charge 4
2023-04-05T13:17:00Z,29.2,Charge 4
2023-04-05T13:18:00Z,29.2,Charge 4
2023-04-05T13:19:00Z,29.1,Charge 4
2023-04-05T13:20:00Z,29.0,Charge 4
2023-04-05T13:21:00Z,29.4,Charge 4
2023-04-05T13:22:00Z,29.7,Charge 4
2023-04-05T13:23:00Z,30.0,Charge 4
2023-04-05T13:24:00Z,29.9,Charge 4
2023-04-05T13:25:00Z,30.3,Charge 4
2023-04-05T13:26:00Z,30.6,Charge 4
2023-04-05T13:27:00Z,30.7,Charge 4
2023-04-05T13:28:00Z,30.8,Charge 4
2023-04-05T13:29:00Z,31.0,Charge 4
2023-04-05T13:30:00Z,31.2,Charge 4
2023-04-05T13:31:00Z,31.1,Charge 4
2023-04-05T13:32:00Z,31.2,Charge 4
2023-04-05T13:33:00Z,31.2,Charge 4
2023-04-05T13:34:00Z,31.2,Charge 4
2023-04-05T13:35:00Z,31.2,Charge 4
2023-04-05T13:36:00Z,31.2,Charge 4
2023-04-05T13:37:00Z,31.2,Charge 4
2023-04-05T13:38:00Z,31.3,Charge 4
2023-04-05T13:39:00Z,31.3,Charge 4
2023-04-05T13:40:00Z,31.4,Charge 4
2023-04-05T13:41:00Z,31.3,Charge 4
2023-04-05T13:42:00Z,31.2,Charge 4
2023-04-05T13:43:00Z,31.0,Charge 4
2023-04-05T13:44:00Z,30.9,Charge 4
2023-04-05T13:45:00Z,30.7,Charge 4
2023-04-05T13:46:00Z,30.7,Charge 4
2023-04-05T13:47:00Z,30.6,Charge 4
2023-04-05T13:48:00Z,30.5,Charge 4
2023-04-05T13:49:00Z,30.3,Charge 4
2023-04-05T13:50:00Z,30.0,Charge 4
2023-04-05T13:51:00Z,29.8,Charge 4
2023-04-05T13:52:00Z,30.0,Charge 4
2023-04-05T13:53:00Z,29.8,Charge 4
2023-04-05T13:54:00Z,29.6,Charge 4
2023-04-05T13:55:00Z,29.7,Charge 4
2023-04-05T13:56:00Z,29.6,Charge 4
2023-04-05T13:57:00Z,29.5,Charge 4
2023-04-05T13:58:00Z,29.4,Charge 4
2023-04-05T13:59:00Z,29.4,Charge 4
2023-04-05T14:00:00Z,29.4,Charge 4
2023-04-05T14:01:00Z,29.5,Charge 4
2023-04-05T14:02:00Z,29.5,Charge 4
2023-04-05T14:03:00Z,29.5,Charge 4
2023-04-05T14:04:00Z,29.7,Charge 4
2023-04-05T14:05:00Z,29.7,Charge 4
2023-04-05T14:06:00Z,29.7,Charge 4
2023-04-05T14:07:00Z,29.6,Charge 4
2023-04-05T14:08:00Z,29.5,Charge 4
2023-04-05T14:09:00Z,29.5,Charge 4
2023-04-05T14:10:00Z,29.5,Charge 4
2023-04-05T14:11:00Z,29.4,Charge 4
2023-04-05T14:12:00Z,29.4,Charge 4
2023-04-05T14:13:00Z,29.4,Charge 4
2023-04-05T14:14:00Z,29.4,Charge 4
2023-04-05T14:15:00Z,29.4,Charge 4
2023-04-05T14:16:00Z,29.3,Charge 4
2023-04-05T14:17:00Z,29.2,Charge 4
2023-04-05T14:18:00Z,29.1,Charge 4
2023-04-05T14:19:00Z,29.0,Charge 4
2023-04-05T14:20:00Z,29.0,Charge 4
2023-04-05T14:21:00Z,28.9,Charge 4
2023-04-05T14:22:00Z,28.9,Charge 4
2023-04-05T14:23:00Z,28.9,Charge 4
2023-04-05T14:24:00Z,28.9,Charge 4
2023-04-05T14:25:00Z,28.9,Charge 4
2023-04-05T14:26:00Z,29.0,Charge 4
2023-04-05T14:27:00Z,29.0,Charge 4
2023-04-05T14:28:00Z,29.1,Charge 4
2023-04-05T14:29:00Z,29.1,Charge 4
2023-04-05T14:30:00Z,28.9,Charge 4
2023-04-05T14:31:00Z,28.8,Charge 4
2023-04-05T14:32:00Z,28.8,Charge 4
2023-04-05T14:33:00Z,28.8,Charge 4
2023-04-05T14:34:00Z,28.7,Charge 4
2023-04-05T14:35:00Z,28.7,Charge 4
2023-04-05T14:36:00Z,28.7,Charge 4
2023-04-05T14:37:00Z,28.8,Charge 4
2023-04-05T14:38:00Z,28.8,Charge 4
2023-04-05T14:39:00Z,28.7,Charge 4
2023-04-05T14:40:00Z,28.1,Charge 4
2023-04-05T14:41:00Z,27.5,Charge 4
2023-04-05T14:42:00Z,26.8,Charge 4
2023-04-05T14:43:00Z,25.8,Charge 4
2023-04-05T14:44:00Z,25.1,Charge 4
2023-04-05T14:45:00Z,24.6,Charge 4
2023-04-05T14:46:00Z,24.2,Charge 4
2023-04-05T14:47:00Z,23.8,Charge 4
2023-04-05T14:48:00Z,23.7,Charge 4
2023-04-05T14:49:00Z,23.7,Charge 4
2023-04-05T14:50:00Z,23.4,Charge 4
2023-04-05T14:51:00Z,23.1,Charge 4
2023-04-05T14:52:00Z,23.0,Charge 4
2023-04-05T14:53:00Z,22.8,Charge 4
2023-04-05T14:54:00Z,22.6,Charge 4
2023-04-05T14:55:00Z,22.3,Charge 4
2023-04-05T14:56:00Z,22.0,Charge 4
2023-04-05T14:57:00Z,21.9,Charge 4
2023-04-05T14:58:00Z,21.6,Charge 4
2023-04-05T14:59:00Z,21.5,Charge 4
2023-04-05T15:00:00Z,21.3,Charge 4
2023-04-05T15:01:00Z,21.2,Charge 4
2023-04-05T15:02:00Z,21.2,Charge 4
2023-04-05T15:03:00Z,21.2,Charge 4
2023-04-05T15:04:00Z,21.3,Charge 4
2023-04-05T15:05:00Z,21.7,Charge 4
2023-04-05T15:06:00Z,22.4,Charge 4
2023-04-05T15:07:00Z,22.9,Charge 4
2023-04-05T15:08:00Z,23.4,Charge 4
2023-04-05T15:09:00Z,23.8,Charge 4
2023-04-05T15:10:00Z,24.4,Charge 4
2023-04-05T15:11:00Z,24.9,Charge 4
2023-04-05T15:12:00Z,25.3,Charge 4
2023-04-05T15:13:00Z,25.5,Charge 4
2023-04-05T15:14:00Z,25.9,Charge 4
2023-04-05T15:15:00Z,26.2,Charge 4
2023-04-05T15:16:00Z,26.4,Charge 4
2023-04-05T15:17:00Z,26.7,Charge 4
2023-04-05T15:18:00Z,26.9,Charge 4
2023-04-05T15:19:00Z,27.0,Charge 4
2023-04-05T15:20:00Z,27.1,Charge 4
2023-04-05T15:21:00Z,27.2,Charge 4
2023-04-05T15:22:00Z,27.4,Charge 4
2023-04-05T15:23:00Z,27.6,Charge 4
2023-04-05T15:24:00Z,27.5,Charge 4
2023-04-05T15:25:00Z,27.5,Charge 4
2023-04-05T15:26:00Z,27.5,Charge 4
2023-04-05T15:27:00Z,27.6,Charge 4
2023-04-05T15:28:00Z,27.7,Charge 4
2023-04-05T15:29:00Z,27.8,Charge 4
2023-04-05T15:30:00Z,27.8,Charge 4
2023-04-05T15:31:00Z,27.9,Charge 4
2023-04-05T15:32:00Z,27.9,Charge 4
2023-04-05T15:33:00Z,27.9,Charge 4
2023-04-05T15:34:00Z,28.0,Charge 4
2023-04-05T15:35:00Z,28.0,Charge 4
2023-04-05T15:36:00Z,28.1,Charge 4
2023-04-05T15:37:00Z,28.1,Charge 4
2023-04-05T15:38:00Z,28.1,Charge 4
2023-04-05T15:39:00Z,27.8,Charge 4
2023-04-05T15:40:00Z,27.6,Charge 4
2023-04-05T15:41:00Z,27.5,Charge 4
2023-04-05T15:42:00Z,27.3,Charge 4
2023-04-05T15:43:00Z,27.1,Charge 4
2023-04-05T15:44:00Z,26.8,Charge 4
2023-04-05T15:45:00Z,26.7,Charge 4
2023-04-05T15:46:00Z,26.7,Charge 4
2023-04-05T15:47:00Z,26.7,Charge 4
2023-04-05T15:48:00Z,26.9,Charge 4
2023-04-05T15:49:00Z,27.0,Charge 4
2023-04-05T15:50:00Z,26.6,Charge 4
2023-04-05T15:51:00Z,26.0,Charge 4
2023-04-05T15:52:00Z,25.8,Charge 4
2023-04-05T15:53:00Z,25.6,Charge 4
2023-04-05T15:54:00Z,25.5,Charge 4
2023-04-05T15:55:00Z,25.7,Charge 4
2023-04-05T15:56:00Z,26.2,Charge 4
2023-04-05T15:57:00Z,26.5,Charge 4
2023-04-05T15:58:00Z,26.8,Charge 4
2023-04-05T15:59:00Z,27.2,Charge 4
2023-04-05T16:00:00Z,27.5,Charge 4
2023-04-05T16:01:00Z,27.6,Charge 4
2023-04-05T16:02:00Z,27.8,Charge 4
2023-04-05T16:03:00Z,28.1,Charge 4
2023-04-05T16:04:00Z,28.5,Charge 4
2023-04-05T16:05:00Z,28.9,Charge 4
2023-04-05T16:06:00Z,29.4,Charge 4
2023-04-05T16:07:00Z,29.5,Charge 4
2023-04-05T16:08:00Z,29.3,Charge 4
2023-04-05T16:09:00Z,29.2,Charge 4
2023-04-05T16:10:00Z,29.2,Charge 4
2023-04-05T16:11:00Z,29.1,Charge 4
2023-04-05T16:12:00Z,29.0,Charge 4
2023-04-05T16:13:00Z,29.1,Charge 4
2023-04-05T16:14:00Z,29.2,Charge 4
2023-04-05T16:15:00Z,29.3,Charge 4
2023-04-05T16:16:00Z,29.3,Charge 4
2023-04-05T16:17:00Z,29.2,Charge 4
2023-04-05T16:18:00Z,29.2,Charge 4
2023-04-05T16:19:00Z,29.2,Charge 4
2023-04-05T16:20:00Z,29.2,Charge 4
2023-04-05T16:21:00Z,29.1,Charge 4
2023-04-05T16:22:00Z,29.3,Charge 4
2023-04-05T16:23:00Z,29.4,Charge 4
2023-04-05T16:24:00Z,29.4,Charge 4
2023-04-05T16:25:00Z,29.6,Charge 4
2023-04-05T16:26:00Z,29.4,Charge 4
2023-04-05T16:27:00Z,29.4,Charge 4
2023-04-05T16:28:00Z,29.4,Charge 4
2023-04-05T16:29:00Z,29.5,Charge 4
2023-04-05T16:30:00Z,29.5,Charge 4
2023-04-05T16:31:00Z,29.4,Charge 4
2023-04-05T16:32:00Z,29.4,Charge 4
2023-04-05T16:33:00Z,29.4,Charge 4
2023-04-05T16:34:00Z,29.2,Charge 4
2023-04-05T16:35:00Z,29.0,Charge 4
2023-04-05T16:36:00Z,28.9,Charge 4
2023-04-05T16:37:00Z,28.9,Charge 4
2023-04-05T16:38:00Z,28.9,Charge 4
2023-04-05T16:39:00Z,28.9,Charge 4
2023-04-05T16:40:00Z,28.9,Charge 4
2023-04-05T16:41:00Z,28.9,Charge 4
2023-04-05T16:42:00Z,29.0,Charge 4
2023-04-05T16:43:00Z,29.1,Charge 4
2023-04-05T16:44:00Z,29.1,Charge 4
2023-04-05T16:45:00Z,28.9,Charge 4
2023-04-05T16:46:00Z,28.9,Charge 4
2023-04-05T16:47:00Z,29.0,Charge 4
2023-04-05T16:48:00Z,29.0,Charge 4
2023-04-05T16:49:00Z,29.1,Charge 4
2023-04-05T16:50:00Z,29.4,Charge 4
2023-04-05T16:51:00Z,29.5,Charge 4
2023-04-05T16:52:00Z,29.7,Charge 4
2023-04-05T16:53:00Z,29.7,Charge 4
2023-04-05T16:54:00Z,29.7,Charge 4
2023-04-05T16:55:00Z,29.7,Charge 4
2023-04-05T16:56:00Z,29.8,Charge 4
2023-04-05T16:57:00Z,30.0,Charge 4
2023-04-05T16:58:00Z,30.1,Charge 4
2023-04-05T16:59:00Z,30.0,Charge 4
2023-04-05T17:00:00Z,30.0,Charge 4
2023-04-05T17:01:00Z,30.0,Charge 4
2023-04-05T17:02:00Z,30.2,Charge 4
2023-04-05T17:03:00Z,30.2,Charge 4
2023-04-05T17:04:00Z,30.2,Charge 4
2023-04-05T17:05:00Z,29.8,Charge 4
2023-04-05T17:06:00Z,29.2,Charge 4
2023-04-05T17:07:00Z,28.7,Charge 4
2023-04-05T17:08:00Z,28.4,Charge 4
2023-04-05T17:09:00Z,28.0,Charge 4
2023-04-05T17:10:00Z,27.8,Charge 4
2023-04-05T17:11:00Z,27.8,Charge 4
2023-04-05T17:12:00Z,28.2,Charge 4
2023-04-05T17:13:00Z,28.4,Charge 4
2023-04-05T17:14:00Z,28.5,Charge 4
2023-04-05T17:15:00Z,28.7,Charge 4
2023-04-05T17:16:00Z,28.8,Charge 4
2023-04-05T17:17:00Z,28.9,Charge 4
2023-04-05T17:18:00Z,28.9,Charge 4
2023-04-05T17:19:00Z,29.1,Charge 4
2023-04-05T17:20:00Z,29.2,Charge 4
2023-04-05T17:21:00Z,29.2,Charge 4
2023-04-05T17:22:00Z,29.2,Charge 4
2023-04-05T17:23:00Z,29.2,Charge 4
2023-04-05T17:24:00Z,29.1,Charge 4
2023-04-05T17:25:00Z,29.2,Charge 4
2023-04-05T17:26:00Z,29.1,Charge 4
2023-04-05T17:27:00Z,29.1,Charge 4
2023-04-05T17:28:00Z,29.2,Charge 4
2023-04-05T17:29:00Z,29.2,Charge 4
2023-04-05T17:30:00Z,29.5,Charge 4
2023-04-05T17:31:00Z,29.6,Charge 4
2023-04-05T17:32:00Z,29.7,Charge 4
2023-04-05T17:33:00Z,29.7,Charge 4
2023-04-05T17:34:00Z,29.5,Charge 4
2023-04-05T17:35:00Z,29.3,Charge 4
2023-04-05T17:36:00Z,29.2,Charge 4
2023-04-05T17:37:00Z,29.2,Charge 4
2023-04-05T17:38:00Z,29.3,Charge 4
2023-04-05T17:39:00Z,29.5,Charge 4
2023-04-05T17:40:00Z,29.8,Charge 4
2023-04-05T17:41:00Z,30.0,Charge 4
2023-04-05T17:42:00Z,30.1,Charge 4
2023-04-05T17:43:00Z,30.3,Charge 4
2023-04-05T17:44:00Z,30.5,Charge 4
2023-04-05T17:45:00Z,30.6,Charge 4
2023-04-05T17:46:00Z,30.6,Charge 4
2023-04-05T17:47:00Z,30.3,Charge 4
2023-04-05T17:48:00Z,30.1,Charge 4
2023-04-05T17:49:00Z,30.0,Charge 4
2023-04-05T17:50:00Z,30.1,Charge 4
2023-04-05T17:51:00Z,30.3,Charge 4
2023-04-05T17:52:00Z,30.5,Charge 4
2023-04-05T17:53:00Z,30.5,Charge 4
2023-04-05T17:54:00Z,30.2,Charge 4
2023-04-05T17:55:00Z,30.0,Charge 4
2023-04-05T17:56:00Z,29.6,Charge 4
2023-04-05T17:57:00Z,29.3,Charge 4
2023-04-05T17:58:00Z,29.2,Charge 4
2023-04-05T17:59:00Z,29.2,Charge 4
2023-04-05T18:00:00Z,29.4,Charge 4
2023-04-05T18:01:00Z,29.7,Charge 4
2023-04-05T18:02:00Z,29.8,Charge 4
2023-04-05T18:03:00Z,29.9,Charge 4
2023-04-05T18:04:00Z,29.9,Charge 4
2023-04-05T18:05:00Z,29.9,Charge 4
2023-04-05T18:06:00Z,29.9,Charge 4
2023-04-05T18:07:00Z,29.9,Charge 4
2023-04-05T18:08:00Z,29.9,Charge 4
2023-04-05T18:09:00Z,30.0,Charge 4
2023-04-05T18:10:00Z,30.1,Charge 4
2023-04-05T18:11:00Z,30.2,Charge 4
2023-04-05T18:12:00Z,30.3,Charge 4
2023-04-05T18:13:00Z,30.5,Charge 4
2023-04-05T18:14:00Z,30.5,Charge 4
2023-04-05T18:15:00Z,30.5,Charge 4
2023-04-05T18:16:00Z,30.5,Charge 4
2023-04-05T18:17:00Z,30.5,Charge 4
2023-04-05T18:18:00Z,30.6,Charge 4
2023-04-05T18:19:00Z,30.7,Charge 4
2023-04-05T18:20:00Z,30.7,Charge 4
2023-04-05T18:21:00Z,30.6,Charge 4
2023-04-05T18:22:00Z,30.5,Charge 4
2023-04-05T18:23:00Z,30.5,Charge 4
2023-04-05T18:24:00Z,30.5,Charge 4
2023-04-05T18:25:00Z,30.4,Charge 4
2023-04-05T18:26:00Z,30.5,Charge 4
2023-04-05T18:27:00Z,30.4,Charge 4
2023-04-05T18:28:00Z,30.3,Charge 4
2023-04-05T18:29:00Z,30.2,Charge 4
2023-04-05T18:30:00Z,30.1,Charge 4
2023-04-05T18:31:00Z,30.0,Charge 4
2023-04-05T18:32:00Z,30.0,Charge 4
2023-04-05T18:33:00Z,30.0,Charge 4
2023-04-05T18:34:00Z,29.8,Charge 4
2023-04-05T18:35:00Z,29.7,Charge 4
2023-04-05T18:36:00Z,29.7,Charge 4
2023-04-05T18:37:00Z,29.6,Charge 4
2023-04-05T18:38:00Z,29.6,Charge 4
2023-04-05T18:39:00Z,29.3,Charge 4
2023-04-05T18:40:00Z,28.7,Charge 4
2023-04-05T18:41:00Z,28.4,Charge 4
2023-04-05T18:42:00Z,28.3,Charge 4
2023-04-05T18:43:00Z,28.1,Charge 4
2023-04-05T18:44:00Z,28.1,Charge 4
2023-04-05T18:45:00Z,28.1,Charge 4
2023-04-05T18:46:00Z,28.0,Charge 4
2023-04-05T18:47:00Z,28.0,Charge 4
2023-04-05T18:48:00Z,28.0,Charge 4
2023-04-05T18:49:00Z,27.9,Charge 4
2023-04-05T18:50:00Z,28.0,Charge 4
2023-04-05T18:51:00Z,28.2,Charge 4
2023-04-05T18:52:00Z,28.3,Charge 4
2023-04-05T18:53:00Z,28.2,Charge 4
2023-04-05T18:54:00Z,28.3,Charge 4
2023-04-05T18:55:00Z,28.3,Charge 4
2023-04-05T18:56:00Z,28.4,Charge 4
2023-04-05T18:57:00Z,28.6,Charge 4
2023-04-05T18:58:00Z,28.9,Charge 4
2023-04-05T18:59:00Z,29.2,Charge 4
2023-04-05T19:00:00Z,29.4,Charge 4
2023-04-05T19:01:00Z,29.4,Charge 4
2023-04-05T19:02:00Z,29.6,Charge 4
2023-04-05T19:03:00Z,29.8,Charge 4
2023-04-05T19:04:00Z,29.9,Charge 4
2023-04-05T19:05:00Z,30.0,Charge 4
2023-04-05T19:06:00Z,30.2,Charge 4
2023-04-05T19:07:00Z,30.3,Charge 4
2023-04-05T19:08:00Z,30.3,Charge 4
2023-04-05T19:09:00Z,30.5,Charge 4
2023-04-05T19:10:00Z,30.5,Charge 4
2023-04-05T19:11:00Z,30.6,Charge 4
2023-04-05T19:12:00Z,30.5,Charge 4
2023-04-05T19:13:00Z,30.5,Charge 4
2023-04-05T19:14:00Z,30.5,Charge 4
2023-04-05T19:15:00Z,30.4,Charge 4
2023-04-05T19:16:00Z,30.4,Charge 4
2023-04-05T19:17:00Z,30.3,Charge 4
2023-04-05T19:18:00Z,30.4,Charge 4
2023-04-05T19:19:00Z,30.4,Charge 4
2023-04-05T19:20:00Z,30.5,Charge 4
2023-04-05T19:21:00Z,30.4,Charge 4
2023-04-05T19:22:00Z,30.2,Charge 4
2023-04-05T19:23:00Z,30.2,Charge 4
2023-04-05T19:24:00Z,30.0,Charge 4
2023-04-05T19:25:00Z,29.9,Charge 4
2023-04-05T19:26:00Z,29.7,Charge 4
2023-04-05T19:27:00Z,29.5,Charge 4
2023-04-05T19:28:00Z,29.3,Charge 4
2023-04-05T19:29:00Z,29.2,Charge 4
2023-04-05T19:30:00Z,29.2,Charge 4
2023-04-05T19:31:00Z,29.4,Charge 4
2023-04-05T19:32:00Z,29.4,Charge 4
2023-04-05T19:33:00Z,29.5,Charge 4
2023-04-05T19:34:00Z,29.6,Charge 4
2023-04-05T19:35:00Z,29.7,Charge 4
2023-04-05T19:36:00Z,29.8,Charge 4
2023-04-05T19:37:00Z,29.9,Charge 4
2023-04-05T19:38:00Z,30.0,Charge 4
2023-04-05T19:39:00Z,30.1,Charge 4
2023-04-05T19:40:00Z,30.2,Charge 4
2023-04-05T19:41:00Z,30.2,Charge 4
2023-04-05T19:42:00Z,30.2,Charge 4
2023-04-05T19:43:00Z,30.2,Charge 4
2023-04-05T19:44:00Z,30.2,Charge 4
2023-04-05T19:45:00Z,30.2,Charge 4
2023-04-05T19:46:00Z,30.1,Charge 4
2023-04-05T19:47:00Z,30.0,Charge 4
2023-04-05T19:48:00Z,30.1,Charge 4
2023-04-05T19:49:00Z,30.1,Charge 4
2023-04-05T19:50:00Z,30.1,Charge 4
2023-04-05T19:51:00Z,30.2,Charge 4
2023-04-05T19:52:00Z,30.2,Charge 4
2023-04-05T19:53:00Z,30.3,Charge 4
2023-04-05T19:54:00Z,30.3,Charge 4
2023-04-05T19:55:00Z,30.4,Charge 4
2023-04-05T19:56:00Z,30.5,Charge 4
2023-04-05T19:57:00Z,30.5,Charge 4
2023-04-05T19:58:00Z,30.5,Charge 4
2023-04-05T19:59:00Z,30.7,Charge 4
2023-04-05T20:00:00Z,30.6,Charge 4
2023-04-05T20:01:00Z,30.6,Charge 4
2023-04-05T20:02:00Z,30.7,Charge 4
2023-04-05T20:03:00Z,30.7,Charge 4
2023-04-05T20:04:00Z,30.7,Charge 4
2023-04-05T20:05:00Z,30.5,Charge 4
2023-04-05T20:06:00Z,30.5,Charge 4
2023-04-05T20:07:00Z,30.6,Charge 4
2023-04-05T20:08:00Z,30.8,Charge 4
2023-04-05T20:09:00Z,30.8,Charge 4
2023-04-05T20:10:00Z,30.8,Charge 4
2023-04-05T20:11:00Z,30.9,Charge 4
2023-04-05T20:12:00Z,30.9,Charge 4
2023-04-05T20:13:00Z,30.7,Charge 4
2023-04-05T20:14:00Z,30.5,Charge 4
2023-04-05T20:15:00Z,30.5,Charge 4
2023-04-05T20:16:00Z,30.6,Charge 4
2023-04-05T20:17:00Z,30.8,Charge 4
2023-04-05T20:18:00Z,30.8,Charge 4
2023-04-05T20:19:00Z,30.8,Charge 4
2023-04-05T20:20:00Z,30.7,Charge 4
2023-04-05T20:21:00Z,30.6,Charge 4
2023-04-05T20:22:00Z,30.5,Charge 4
2023-04-05T20:23:00Z,30.6,Charge 4
2023-04-05T20:24:00Z,30.6,Charge 4
2023-04-05T20:25:00Z,30.7,Charge 4
2023-04-05T20:26:00Z,30.7,Charge 4
2023-04-05T20:27:00Z,30.6,Charge 4
2023-04-05T20:28:00Z,30.5,Charge 4
2023-04-05T20:29:00Z,30.5,Charge 4
2023-04-05T20:30:00Z,30.5,Charge 4
2023-04-05T20:31:00Z,30.6,Charge 4
2023-04-05T20:32:00Z,30.5,Charge 4
2023-04-05T20:33:00Z,30.6,Charge 4
2023-04-05T20:34:00Z,30.5,Charge 4
2023-04-05T20:35:00Z,30.5,Charge 4
2023-04-05T20:36:00Z,30.5,Charge 4
2023-04-05T20:37:00Z,30.5,Charge 4
2023-04-05T20:38:00Z,30.6,Charge 4
2023-04-05T20:39:00Z,30.6,Charge 4
2023-04-05T20:40:00Z,30.7,Charge 4
2023-04-05T20:41:00Z,30.7,Charge 4
2023-04-05T20:42:00Z,30.9,Charge 4
2023-04-05T20:43:00Z,30.9,Charge 4
2023-04-05T20:44:00Z,31.0,Charge 4
2023-04-05T20:45:00Z,31.1,Charge 4
2023-04-05T20:46:00Z,31.1,Charge 4
2023-04-05T20:47:00Z,31.1,Charge 4
2023-04-05T20:48:00Z,31.1,Charge 4
2023-04-05T20:49:00Z,31.2,Charge 4
2023-04-05T20:50:00Z,31.2,Charge 4
2023-04-05T20:51:00Z,31.2,Charge 4
2023-04-05T20:52:00Z,31.2,Charge 4
2023-04-05T20:53:00Z,31.2,Charge 4
2023-04-05T20:54:00Z,31.3,Charge 4
2023-04-05T20:55:00Z,31.1,Charge 4
2023-04-05T20:56:00Z,31.1,Charge 4
2023-04-05T20:57:00Z,31.0,Charge 4
2023-04-05T20:58:00Z,30.9,Charge 4
2023-04-05T20:59:00Z,30.7,Charge 4
2023-04-05T21:00:00Z,30.7,Charge 4
2023-04-05T21:01:00Z,30.6,Charge 4
2023-04-05T21:02:00Z,30.6,Charge 4
2023-04-05T21:03:00Z,30.4,Charge 4
2023-04-05T21:04:00Z,30.2,Charge 4
2023-04-05T21:05:00Z,30.2,Charge 4
2023-04-05T21:06:00Z,30.1,Charge 4
2023-04-05T21:07:00Z,29.8,Charge 4
2023-04-05T21:08:00Z,30.1,Charge 4
2023-04-05T21:09:00Z,30.2,Charge 4
2023-04-05T21:10:00Z,30.2,Charge 4
2023-04-05T21:11:00Z,30.3,Charge 4
2023-04-05T21:12:00Z,30.3,Charge 4
2023-04-05T21:13:00Z,30.2,Charge 4
2023-04-05T21:14:00Z,30.2,Charge 4
2023-04-05T21:15:00Z,29.9,Charge 4
2023-04-05T21:16:00Z,29.7,Charge 4
2023-04-05T21:17:00Z,29.7,Charge 4
2023-04-05T21:18:00Z,29.4,Charge 4
2023-04-05T21:19:00Z,29.4,Charge 4
2023-04-05T21:20:00Z,29.3,Charge 4
2023-04-05T21:21:00Z,29.0,Charge 4
2023-04-05T21:22:00Z,28.7,Charge 4
2023-04-05T21:23:00Z,28.5,Charge 4
2023-04-05T21:24:00Z,28.4,Charge 4
2023-04-05T21:25:00Z,28.2,Charge 4
2023-04-05T21:26:00Z,28.1,Charge 4
2023-04-05T21:27:00Z,28.0,Charge 4
2023-04-05T21:28:00Z,28.0,Charge 4
2023-04-05T21:29:00Z,27.8,Charge 4
2023-04-05T21:30:00Z,28.0,Charge 4
2023-04-05T21:31:00Z,28.2,Charge 4
2023-04-05T21:32:00Z,28.4,Charge 4
2023-04-05T21:33:00Z,28.5,Charge 4
2023-04-05T21:34:00Z,28.9,Charge 4
2023-04-05T21:35:00Z,29.2,Charge 4
2023-04-05T21:36:00Z,29.4,Charge 4
2023-04-05T21:37:00Z,29.4,Charge 4
2023-04-05T21:38:00Z,29.6,Charge 4
2023-04-05T21:39:00Z,29.7,Charge 4
2023-04-05T21:40:00Z,29.6,Charge 4
2023-04-05T21:41:00Z,29.7,Charge 4
2023-04-05T21:42:00Z,30.0,Charge 4
2023-04-05T21:43:00Z,30.0,Charge 4
2023-04-05T21:44:00Z,30.3,Charge 4
2023-04-05T21:45:00Z,30.2,Charge 4
2023-04-05T21:46:00Z,30.3,Charge 4
2023-04-05T21:47:00Z,30.4,Charge 4
2023-04-05T21:48:00Z,30.6,Charge 4
2023-04-05T21:49:00Z,30.8,Charge 4
2023-04-05T21:50:00Z,30.8,Charge 4
2023-04-05T21:51:00Z,30.6,Charge 4
2023-04-05T21:52:00Z,30.5,Charge 4
2023-04-05T21:53:00Z,30.7,Charge 4
2023-04-05T21:54:00Z,30.9,Charge 4
2023-04-05T21:55:00Z,31.0,Charge 4
2023-04-05T21:56:00Z,31.1,Charge 4
2023-04-05T21:57:00Z,31.0,Charge 4
2023-04-05T21:58:00Z,30.9,Charge 4
2023-04-05T21:59:00Z,30.7,Charge 4
2023-04-05T22:00:00Z,30.6,Charge 4
2023-04-05T22:01:00Z,30.5,Charge 4
2023-04-05T22:02:00Z,30.5,Charge 4
2023-04-05T22:03:00Z,30.2,Charge 4
2023-04-05T22:04:00Z,29.9,Charge 4
2023-04-05T22:05:00Z,29.6,Charge 4
2023-04-05T22:06:00Z,29.5,Charge 4
2023-04-05T22:07:00Z,29.4,Charge 4
2023-04-05T22:08:00Z,29.4,Charge 4
2023-04-05T22:09:00Z,29.4,Charge 4
2023-04-05T22:10:00Z,29.5,Charge 4
2023-04-05T22:11:00Z,29.5,Charge 4
2023-04-05T22:12:00Z,29.6,Charge 4
2023-04-05T22:13:00Z,29.7,Charge 4
2023-04-05T22:14:00Z,29.8,Charge 4
2023-04-05T22:15:00Z,29.9,Charge 4
2023-04-05T22:16:00Z,29.9,Charge 4
2023-04-05T22:17:00Z,30.0,Charge 4
2023-04-05T22:18:00Z,30.0,Charge 4
2023-04-05T22:19:00Z,30.0,Charge 4
2023-04-05T22:20:00Z,30.1,Charge 4
2023-04-05T22:21:00Z,30.1,Charge 4
2023-04-05T22:22:00Z,30.1,Charge 4
2023-04-05T22:23:00Z,30.2,Charge 4
2023-04-05T22:24:00Z,30.2,Charge 4
2023-04-05T22:25:00Z,30.2,Charge 4
2023-04-05T22:26:00Z,30.3,Charge 4
2023-04-05T22:27:00Z,30.3,Charge 4
2023-04-05T22:28:00Z,30.0,Charge 4
2023-04-05T22:29:00Z,29.9,Charge 4
2023-04-05T22:30:00Z,29.4,Charge 4
2023-04-05T22:31:00Z,28.8,Charge 4
2023-04-05T22:32:00Z,28.3,Charge 4
2023-04-05T22:33:00Z,27.8,Charge 4
2023-04-05T22:34:00Z,27.4,Charge 4
2023-04-05T22:35:00Z,27.0,Charge 4
2023-04-05T22:36:00Z,26.7,Charge 4
2023-04-05T22:37:00Z,26.4,Charge 4
2023-04-05T22:38:00Z,26.3,Charge 4
2023-04-05T22:39:00Z,26.0,Charge 4
2023-04-05T22:40:00Z,26.0,Charge 4
2023-04-05T22:41:00Z,26.2,Charge 4
2023-04-05T22:42:00Z,26.2,Charge 4
2023-04-05T22:43:00Z,26.3,Charge 4
2023-04-05T22:44:00Z,26.4,Charge 4
2023-04-05T22:45:00Z,26.6,Charge 4
2023-04-05T22:46:00Z,26.6,Charge 4
2023-04-05T22:47:00Z,26.9,Charge 4
2023-04-05T22:48:00Z,27.2,Charge 4
2023-04-05T22:49:00Z,27.4,Charge 4
2023-04-05T22:50:00Z,27.7,Charge 4
2023-04-05T22:51:00Z,27.9,Charge 4
2023-04-05T22:52:00Z,28.0,Charge 4
2023-04-05T22:53:00Z,28.2,Charge 4
2023-04-05T22:54:00Z,28.4,Charge 4
2023-04-05T22:55:00Z,28.6,Charge 4
2023-04-05T22:56:00Z,28.8,Charge 4
2023-04-05T22:57:00Z,29.0,Charge 4
2023-04-05T22:58:00Z,29.2,Charge 4
2023-04-05T22:59:00Z,29.3,Charge 4
2023-04-05T23:00:00Z,29.5,Charge 4
2023-04-05T23:01:00Z,29.6,Charge 4
2023-04-05T23:02:00Z,29.7,Charge 4
2023-04-05T23:03:00Z,29.7,Charge 4
2023-04-05T23:04:00Z,29.8,Charge 4
2023-04-05T23:05:00Z,29.9,Charge 4
2023-04-05T23:06:00Z,30.0,Charge 4
2023-04-05T23:07:00Z,30.0,Charge 4
2023-04-05T23:08:00Z,30.1,Charge 4
2023-04-05T23:09:00Z,30.1,Charge 4
2023-04-05T23:10:00Z,30.2,Charge 4
2023-04-05T23:11:00Z,30.2,Charge 4
2023-04-05T23:12:00Z,30.3,Charge 4
2023-04-05T23:13:00Z,30.3,Charge 4
2023-04-05T23:14:00Z,30.4,Charge 4
2023-04-05T23:15:00Z,30.4,Charge 4
2023-04-05T23:16:00Z,30.4,Charge 4
2023-04-05T23:17:00Z,30.5,Charge 4
2023-04-05T23:18:00Z,30.5,Charge 4
2023-04-05T23:19:00Z,30.5,Charge 4
2023-04-05T23:20:00Z,30.5,Charge 4
2023-04-05T23:21:00Z,30.5,Charge 4
2023-04-05T23:22:00Z,30.5,Charge 4
2023-04-05T23:23:00Z,30.5,Charge 4
2023-04-05T23:24:00Z,30.5,Charge 4
2023-04-05T23:25:00Z,30.6,Charge 4
2023-04-05T23:26:00Z,30.6,Charge 4
2023-04-05T23:27:00Z,30.6,Charge 4
2023-04-05T23:28:00Z,30.6,Charge 4
2023-04-05T23:29:00Z,30.6,Charge 4
2023-04-05T23:30:00Z,30.6,Charge 4
2023-04-05T23:31:00Z,30.6,Charge 4
2023-04-05T23:32:00Z,30.7,Charge 4
2023-04-05T23:33:00Z,30.7,Charge 4
2023-04-05T23:34:00Z,30.7,Charge 4
2023-04-05T23:35:00Z,30.7,Charge 4
2023-04-05T23:36:00Z,30.7,Charge 4
2023-04-05T23:37:00Z,30.7,Charge 4
2023-04-05T23:38:00Z,30.7,Charge 4
2023-04-05T23:39:00Z,30.7,Charge 4
2023-04-05T23:40:00Z,30.7,Charge 4
2023-04-05T23:41:00Z,30.7,Charge 4
2023-04-05T23:42:00Z,30.7,Charge 4
2023-04-05T23:43:00Z,30.8,Charge 4
2023-04-05T23:44:00Z,30.8,Charge 4
2023-04-05T23:45:00Z,30.8,Charge 4
2023-04-05T23:46:00Z,30.8,Charge 4
2023-04-05T23:47:00Z,30.9,Charge 4
2023-04-05T23:48:00Z,30.9,Charge 4
2023-04-05T23:49:00Z,30.9,Charge 4
2023-04-05T23:50:00Z,30.9,Charge 4
2023-04-05T23:51:00Z,30.9,Charge 4
2023-04-05T23:52:00Z,30.9,Charge 4
2023-04-05T23:53:00Z,30.8,Charge 4
2023-04-05T23:54:00Z,30.8,Charge 4
2023-04-05T23:55:00Z,30.8,Charge 4
2023-04-05T23:56:00Z,30.8,Charge 4
2023-04-05T23:57:00Z,30.7,Charge 4
2023-04-05T23:58:00Z,30.7,Charge 4
2023-04-05T23:59:00Z,30.7,Charge 4
