timestamp,beats per minute,data source
2024-06-08T00:00:03Z,80.0,Charge 5
2024-06-08T00:00:13Z,83.0,Charge 5
2024-06-08T00:00:23Z,81.0,Charge 5
2024-06-08T00:00:28Z,79.0,Charge 5
2024-06-08T00:00:43Z,79.0,Charge 5
2024-06-08T00:00:58Z,79.0,Charge 5
2024-06-08T00:01:13Z,79.0,Charge 5
2024-06-08T00:01:18Z,80.0,Charge 5
2024-06-08T00:01:23Z,82.0,Charge 5
2024-06-08T00:01:28Z,84.0,Charge 5
2024-06-08T00:01:33Z,86.0,Charge 5
2024-06-08T00:01:38Z,84.0,Charge 5
2024-06-08T00:01:43Z,81.0,Charge 5
2024-06-08T00:01:48Z,78.0,Charge 5
2024-06-08T00:01:53Z,76.0,Charge 5
2024-06-08T00:01:58Z,75.0,Charge 5
2024-06-08T00:02:03Z,76.0,Charge 5
2024-06-08T00:02:18Z,77.0,Charge 5
2024-06-08T00:02:23Z,78.0,Charge 5
2024-06-08T00:02:28Z,79.0,Charge 5
2024-06-08T00:02:33Z,78.0,Charge 5
2024-06-08T00:02:38Z,77.0,Charge 5
2024-06-08T00:02:48Z,79.0,Charge 5
2024-06-08T00:02:53Z,80.0,Charge 5
2024-06-08T00:02:58Z,81.0,Charge 5
2024-06-08T00:03:08Z,82.0,Charge 5
2024-06-08T00:03:13Z,83.0,Charge 5
2024-06-08T00:03:23Z,84.0,Charge 5
2024-06-08T00:03:28Z,83.0,Charge 5
2024-06-08T00:03:33Z,83.0,Charge 5
2024-06-08T00:03:43Z,84.0,Charge 5
2024-06-08T00:03:48Z,83.0,Charge 5
2024-06-08T00:03:53Z,82.0,Charge 5
2024-06-08T00:03:58Z,81.0,Charge 5
2024-06-08T00:04:03Z,79.0,Charge 5
2024-06-08T00:04:13Z,78.0,Charge 5
2024-06-08T00:04:23Z,79.0,Charge 5
2024-06-08T00:04:38Z,79.0,Charge 5
2024-06-08T00:04:43Z,80.0,Charge 5
2024-06-08T00:04:48Z,81.0,Charge 5
2024-06-08T00:05:03Z,81.0,Charge 5
2024-06-08T00:05:08Z,80.0,Charge 5
2024-06-08T00:05:13Z,79.0,Charge 5
2024-06-08T00:05:18Z,78.0,Charge 5
2024-06-08T00:05:28Z,79.0,Charge 5
2024-06-08T00:05:43Z,79.0,Charge 5
2024-06-08T00:05:48Z,80.0,Charge 5
2024-06-08T00:05:53Z,82.0,Charge 5
2024-06-08T00:05:58Z,83.0,Charge 5
2024-06-08T00:06:03Z,84.0,Charge 5
2024-06-08T00:06:08Z,82.0,Charge 5
2024-06-08T00:06:13Z,80.0,Charge 5
2024-06-08T00:06:28Z,80.0,Charge 5
2024-06-08T00:06:43Z,81.0,Charge 5
2024-06-08T00:06:58Z,81.0,Charge 5
2024-06-08T00:07:03Z,80.0,Charge 5
2024-06-08T00:07:18Z,80.0,Charge 5
2024-06-08T00:07:28Z,79.0,Charge 5
2024-06-08T00:07:43Z,79.0,Charge 5
2024-06-08T00:07:48Z,80.0,Charge 5
2024-06-08T00:07:53Z,79.0,Charge 5
2024-06-08T00:07:58Z,80.0,Charge 5
2024-06-08T00:08:08Z,85.0,Charge 5
2024-06-08T00:08:13Z,87.0,Charge 5
2024-06-08T00:08:23Z,86.0,Charge 5
2024-06-08T00:08:28Z,81.0,Charge 5
2024-06-08T00:08:33Z,79.0,Charge 5
2024-06-08T00:08:38Z,78.0,Charge 5
2024-06-08T00:08:43Z,77.0,Charge 5
2024-06-08T00:08:53Z,76.0,Charge 5
2024-06-08T00:08:58Z,77.0,Charge 5
2024-06-08T00:09:07Z,77.0,Charge 5
2024-06-08T00:09:17Z,78.0,Charge 5
2024-06-08T00:09:32Z,77.0,Charge 5
2024-06-08T00:09:42Z,78.0,Charge 5
2024-06-08T00:09:52Z,77.0,Charge 5
2024-06-08T00:10:07Z,77.0,Charge 5
2024-06-08T00:10:12Z,78.0,Charge 5
2024-06-08T00:10:17Z,80.0,Charge 5
2024-06-08T00:10:22Z,79.0,Charge 5
2024-06-08T00:10:27Z,78.0,Charge 5
2024-06-08T00:10:37Z,79.0,Charge 5
2024-06-08T00:10:42Z,80.0,Charge 5
2024-06-08T00:10:47Z,81.0,Charge 5
2024-06-08T00:10:52Z,80.0,Charge 5
2024-06-08T00:10:57Z,78.0,Charge 5
2024-06-08T00:11:02Z,78.0,Charge 5
2024-06-08T00:11:12Z,80.0,Charge 5
2024-06-08T00:11:17Z,81.0,Charge 5
2024-06-08T00:11:22Z,82.0,Charge 5
2024-06-08T00:11:27Z,81.0,Charge 5
2024-06-08T00:11:32Z,81.0,Charge 5
2024-06-08T00:11:42Z,82.0,Charge 5
2024-06-08T00:11:47Z,84.0,Charge 5
2024-06-08T00:12:02Z,84.0,Charge 5
2024-06-08T00:12:17Z,82.0,Charge 5
2024-06-08T00:12:22Z,80.0,Charge 5
2024-06-08T00:12:27Z,77.0,Charge 5
2024-06-08T00:12:32Z,75.0,Charge 5
2024-06-08T00:12:42Z,74.0,Charge 5
2024-06-08T00:12:47Z,71.0,Charge 5
2024-06-08T00:12:57Z,72.0,Charge 5
2024-06-08T00:13:02Z,73.0,Charge 5
2024-06-08T00:13:07Z,74.0,Charge 5
2024-06-08T00:13:12Z,76.0,Charge 5
2024-06-08T00:13:17Z,80.0,Charge 5
2024-06-08T00:13:22Z,78.0,Charge 5
2024-06-08T00:13:27Z,75.0,Charge 5
2024-06-08T00:13:37Z,74.0,Charge 5
2024-06-08T00:13:52Z,74.0,Charge 5
2024-06-08T00:13:57Z,75.0,Charge 5
2024-06-08T00:14:02Z,76.0,Charge 5
2024-06-08T00:14:12Z,77.0,Charge 5
2024-06-08T00:14:22Z,78.0,Charge 5
2024-06-08T00:14:37Z,77.0,Charge 5
2024-06-08T00:14:42Z,78.0,Charge 5
2024-06-08T00:14:52Z,79.0,Charge 5
2024-06-08T00:14:57Z,80.0,Charge 5
2024-06-08T00:15:02Z,81.0,Charge 5
2024-06-08T00:15:17Z,81.0,Charge 5
2024-06-08T00:15:32Z,81.0,Charge 5
2024-06-08T00:15:47Z,81.0,Charge 5
2024-06-08T00:15:57Z,82.0,Charge 5
2024-06-08T00:16:02Z,83.0,Charge 5
2024-06-08T00:16:12Z,81.0,Charge 5
2024-06-08T00:16:17Z,81.0,Charge 5
2024-06-08T00:16:22Z,79.0,Charge 5
2024-06-08T00:16:37Z,77.0,Charge 5
2024-06-08T00:16:42Z,76.0,Charge 5
2024-06-08T00:16:52Z,77.0,Charge 5
2024-06-08T00:16:57Z,78.0,Charge 5
2024-06-08T00:17:12Z,78.0,Charge 5
2024-06-08T00:17:22Z,79.0,Charge 5
2024-06-08T00:17:27Z,78.0,Charge 5
2024-06-08T00:17:32Z,79.0,Charge 5
2024-06-08T00:17:37Z,77.0,Charge 5
2024-06-08T00:17:47Z,78.0,Charge 5
2024-06-08T00:17:57Z,79.0,Charge 5
2024-06-08T00:18:02Z,82.0,Charge 5
2024-06-08T00:18:07Z,83.0,Charge 5
2024-06-08T00:18:12Z,81.0,Charge 5
2024-06-08T00:18:17Z,80.0,Charge 5
2024-06-08T00:18:27Z,81.0,Charge 5
2024-06-08T00:18:37Z,80.0,Charge 5
2024-06-08T00:18:47Z,79.0,Charge 5
2024-06-08T00:18:52Z,77.0,Charge 5
2024-06-08T00:18:57Z,76.0,Charge 5
2024-06-08T00:19:12Z,75.0,Charge 5
2024-06-08T00:19:22Z,76.0,Charge 5
2024-06-08T00:19:27Z,77.0,Charge 5
2024-06-08T00:19:42Z,78.0,Charge 5
2024-06-08T00:19:47Z,79.0,Charge 5
2024-06-08T00:19:52Z,79.0,Charge 5
2024-06-08T00:20:02Z,80.0,Charge 5
2024-06-08T00:20:12Z,79.0,Charge 5
2024-06-08T00:20:22Z,78.0,Charge 5
2024-06-08T00:20:37Z,78.0,Charge 5
2024-06-08T00:20:42Z,77.0,Charge 5
2024-06-08T00:20:47Z,78.0,Charge 5
2024-06-08T00:20:57Z,79.0,Charge 5
2024-06-08T00:21:02Z,80.0,Charge 5
2024-06-08T00:21:12Z,79.0,Charge 5
2024-06-08T00:21:17Z,78.0,Charge 5
2024-06-08T00:21:22Z,77.0,Charge 5
2024-06-08T00:21:32Z,78.0,Charge 5
2024-06-08T00:21:42Z,79.0,Charge 5
2024-06-08T00:21:47Z,78.0,Charge 5
2024-06-08T00:21:52Z,77.0,Charge 5
2024-06-08T00:21:57Z,76.0,Charge 5
2024-06-08T00:22:07Z,75.0,Charge 5
2024-06-08T00:22:12Z,75.0,Charge 5
2024-06-08T00:22:17Z,76.0,Charge 5
2024-06-08T00:22:22Z,81.0,Charge 5
2024-06-08T00:22:27Z,82.0,Charge 5
2024-06-08T00:22:32Z,80.0,Charge 5
2024-06-08T00:22:37Z,78.0,Charge 5
2024-06-08T00:22:42Z,76.0,Charge 5
2024-06-08T00:22:52Z,75.0,Charge 5
2024-06-08T00:22:57Z,76.0,Charge 5
2024-06-08T00:23:02Z,76.0,Charge 5
2024-06-08T00:23:07Z,77.0,Charge 5
2024-06-08T00:23:12Z,79.0,Charge 5
2024-06-08T00:23:22Z,78.0,Charge 5
2024-06-08T00:23:27Z,77.0,Charge 5
2024-06-08T00:23:32Z,76.0,Charge 5
2024-06-08T00:23:42Z,75.0,Charge 5
2024-06-08T00:23:52Z,76.0,Charge 5
2024-06-08T00:24:02Z,77.0,Charge 5
2024-06-08T00:24:07Z,78.0,Charge 5
2024-06-08T00:24:12Z,79.0,Charge 5
2024-06-08T00:24:18Z,78.0,Charge 5
2024-06-08T00:24:23Z,77.0,Charge 5
2024-06-08T00:24:28Z,76.0,Charge 5
2024-06-08T00:24:33Z,75.0,Charge 5
2024-06-08T00:24:48Z,75.0,Charge 5
2024-06-08T00:24:53Z,76.0,Charge 5
2024-06-08T00:24:58Z,77.0,Charge 5
2024-06-08T00:25:13Z,76.0,Charge 5
2024-06-08T00:25:23Z,75.0,Charge 5
2024-06-08T00:25:28Z,76.0,Charge 5
2024-06-08T00:25:38Z,77.0,Charge 5
2024-06-08T00:25:43Z,78.0,Charge 5
2024-06-08T00:25:48Z,77.0,Charge 5
2024-06-08T00:25:58Z,75.0,Charge 5
2024-06-08T00:26:13Z,75.0,Charge 5
2024-06-08T00:26:28Z,75.0,Charge 5
2024-06-08T00:26:43Z,76.0,Charge 5
2024-06-08T00:26:53Z,75.0,Charge 5
2024-06-08T00:27:08Z,75.0,Charge 5
2024-06-08T00:27:18Z,76.0,Charge 5
2024-06-08T00:27:23Z,77.0,Charge 5
2024-06-08T00:27:38Z,78.0,Charge 5
2024-06-08T00:27:43Z,79.0,Charge 5
2024-06-08T00:27:48Z,79.0,Charge 5
2024-06-08T00:27:53Z,76.0,Charge 5
2024-06-08T00:28:08Z,76.0,Charge 5
2024-06-08T00:28:13Z,75.0,Charge 5
2024-06-08T00:28:18Z,76.0,Charge 5
2024-06-08T00:28:23Z,78.0,Charge 5
2024-06-08T00:28:28Z,77.0,Charge 5
2024-06-08T00:28:38Z,76.0,Charge 5
2024-06-08T00:28:43Z,75.0,Charge 5
2024-06-08T00:28:48Z,76.0,Charge 5
2024-06-08T00:28:58Z,78.0,Charge 5
2024-06-08T00:29:03Z,79.0,Charge 5
2024-06-08T00:29:13Z,78.0,Charge 5
2024-06-08T00:29:18Z,77.0,Charge 5
2024-06-08T00:29:28Z,76.0,Charge 5
2024-06-08T00:29:33Z,75.0,Charge 5
2024-06-08T00:29:48Z,77.0,Charge 5
2024-06-08T00:29:53Z,78.0,Charge 5
2024-06-08T00:29:58Z,79.0,Charge 5
2024-06-08T00:30:03Z,78.0,Charge 5
2024-06-08T00:30:08Z,77.0,Charge 5
2024-06-08T00:30:13Z,76.0,Charge 5
2024-06-08T00:30:18Z,74.0,Charge 5
2024-06-08T00:30:23Z,73.0,Charge 5
2024-06-08T00:30:28Z,72.0,Charge 5
2024-06-08T00:30:38Z,73.0,Charge 5
2024-06-08T00:30:53Z,73.0,Charge 5
2024-06-08T00:30:58Z,74.0,Charge 5
2024-06-08T00:31:03Z,73.0,Charge 5
2024-06-08T00:31:13Z,74.0,Charge 5
2024-06-08T00:31:23Z,75.0,Charge 5
2024-06-08T00:31:28Z,76.0,Charge 5
2024-06-08T00:31:33Z,78.0,Charge 5
2024-06-08T00:31:48Z,78.0,Charge 5
2024-06-08T00:32:03Z,78.0,Charge 5
2024-06-08T00:32:08Z,81.0,Charge 5
2024-06-08T00:32:13Z,82.0,Charge 5
2024-06-08T00:32:18Z,80.0,Charge 5
2024-06-08T00:32:23Z,78.0,Charge 5
2024-06-08T00:32:28Z,76.0,Charge 5
2024-06-08T00:32:43Z,77.0,Charge 5
2024-06-08T00:32:48Z,80.0,Charge 5
2024-06-08T00:32:58Z,80.0,Charge 5
2024-06-08T00:33:08Z,80.0,Charge 5
2024-06-08T00:33:23Z,80.0,Charge 5
2024-06-08T00:33:38Z,80.0,Charge 5
2024-06-08T00:33:43Z,81.0,Charge 5
2024-06-08T00:33:48Z,83.0,Charge 5
2024-06-08T00:33:58Z,82.0,Charge 5
2024-06-08T00:34:13Z,82.0,Charge 5
2024-06-08T00:34:23Z,80.0,Charge 5
2024-06-08T00:34:28Z,79.0,Charge 5
2024-06-08T00:34:33Z,78.0,Charge 5
2024-06-08T00:34:48Z,78.0,Charge 5
2024-06-08T00:34:53Z,79.0,Charge 5
2024-06-08T00:34:58Z,80.0,Charge 5
2024-06-08T00:35:03Z,81.0,Charge 5
2024-06-08T00:35:13Z,78.0,Charge 5
2024-06-08T00:35:18Z,77.0,Charge 5
2024-06-08T00:35:23Z,76.0,Charge 5
2024-06-08T00:35:33Z,77.0,Charge 5
2024-06-08T00:35:38Z,76.0,Charge 5
2024-06-08T00:35:48Z,78.0,Charge 5
2024-06-08T00:35:53Z,80.0,Charge 5
2024-06-08T00:35:58Z,81.0,Charge 5
2024-06-08T00:36:13Z,81.0,Charge 5
2024-06-08T00:36:18Z,80.0,Charge 5
2024-06-08T00:36:23Z,79.0,Charge 5
2024-06-08T00:36:28Z,78.0,Charge 5
2024-06-08T00:36:33Z,77.0,Charge 5
2024-06-08T00:36:48Z,78.0,Charge 5
2024-06-08T00:36:53Z,80.0,Charge 5
2024-06-08T00:36:58Z,81.0,Charge 5
2024-06-08T00:37:03Z,80.0,Charge 5
2024-06-08T00:37:08Z,81.0,Charge 5
2024-06-08T00:37:13Z,79.0,Charge 5
2024-06-08T00:37:28Z,79.0,Charge 5
2024-06-08T00:37:43Z,79.0,Charge 5
2024-06-08T00:37:48Z,81.0,Charge 5
2024-06-08T00:37:53Z,82.0,Charge 5
2024-06-08T00:38:03Z,80.0,Charge 5
2024-06-08T00:38:08Z,79.0,Charge 5
2024-06-08T00:38:13Z,80.0,Charge 5
2024-06-08T00:38:18Z,81.0,Charge 5
2024-06-08T00:38:28Z,80.0,Charge 5
2024-06-08T00:38:33Z,79.0,Charge 5
2024-06-08T00:38:48Z,79.0,Charge 5
2024-06-08T00:38:58Z,78.0,Charge 5
2024-06-08T00:39:03Z,79.0,Charge 5
2024-06-08T00:39:13Z,80.0,Charge 5
2024-06-08T00:39:18Z,81.0,Charge 5
2024-06-08T00:39:22Z,81.0,Charge 5
2024-06-08T00:39:32Z,80.0,Charge 5
2024-06-08T00:39:47Z,80.0,Charge 5
2024-06-08T00:39:57Z,79.0,Charge 5
2024-06-08T00:40:07Z,80.0,Charge 5
2024-06-08T00:40:12Z,79.0,Charge 5
2024-06-08T00:40:27Z,79.0,Charge 5
2024-06-08T00:40:42Z,79.0,Charge 5
2024-06-08T00:40:47Z,78.0,Charge 5
2024-06-08T00:40:52Z,77.0,Charge 5
2024-06-08T00:40:57Z,78.0,Charge 5
2024-06-08T00:41:07Z,79.0,Charge 5
2024-06-08T00:41:12Z,78.0,Charge 5
2024-06-08T00:41:22Z,79.0,Charge 5
2024-06-08T00:41:37Z,79.0,Charge 5
2024-06-08T00:41:52Z,79.0,Charge 5
2024-06-08T00:41:57Z,80.0,Charge 5
2024-06-08T00:42:02Z,79.0,Charge 5
2024-06-08T00:42:12Z,80.0,Charge 5
2024-06-08T00:42:22Z,79.0,Charge 5
2024-06-08T00:42:32Z,80.0,Charge 5
2024-06-08T00:42:37Z,79.0,Charge 5
2024-06-08T00:42:52Z,79.0,Charge 5
2024-06-08T00:42:57Z,80.0,Charge 5
2024-06-08T00:43:07Z,81.0,Charge 5
2024-06-08T00:43:22Z,80.0,Charge 5
2024-06-08T00:43:27Z,79.0,Charge 5
2024-06-08T00:43:32Z,79.0,Charge 5
2024-06-08T00:43:37Z,78.0,Charge 5
2024-06-08T00:43:47Z,79.0,Charge 5
2024-06-08T00:43:52Z,78.0,Charge 5
2024-06-08T00:44:02Z,79.0,Charge 5
2024-06-08T00:44:17Z,79.0,Charge 5
2024-06-08T00:44:22Z,78.0,Charge 5
2024-06-08T00:44:32Z,80.0,Charge 5
2024-06-08T00:44:37Z,82.0,Charge 5
2024-06-08T00:44:47Z,81.0,Charge 5
2024-06-08T00:44:52Z,79.0,Charge 5
2024-06-08T00:44:57Z,78.0,Charge 5
2024-06-08T00:45:07Z,79.0,Charge 5
2024-06-08T00:45:12Z,80.0,Charge 5
2024-06-08T00:45:17Z,79.0,Charge 5
2024-06-08T00:45:27Z,78.0,Charge 5
2024-06-08T00:45:37Z,79.0,Charge 5
2024-06-08T00:45:47Z,78.0,Charge 5
2024-06-08T00:46:02Z,78.0,Charge 5
2024-06-08T00:46:12Z,79.0,Charge 5
2024-06-08T00:46:17Z,80.0,Charge 5
2024-06-08T00:46:32Z,80.0,Charge 5
2024-06-08T00:46:47Z,80.0,Charge 5
2024-06-08T00:46:52Z,79.0,Charge 5
2024-06-08T00:47:07Z,79.0,Charge 5
2024-06-08T00:47:12Z,78.0,Charge 5
2024-06-08T00:47:27Z,78.0,Charge 5
2024-06-08T00:47:32Z,79.0,Charge 5
2024-06-08T00:47:47Z,79.0,Charge 5
2024-06-08T00:47:52Z,80.0,Charge 5
2024-06-08T00:48:07Z,79.0,Charge 5
2024-06-08T00:48:22Z,79.0,Charge 5
2024-06-08T00:48:27Z,80.0,Charge 5
2024-06-08T00:48:42Z,80.0,Charge 5
2024-06-08T00:48:52Z,79.0,Charge 5
2024-06-08T00:48:57Z,78.0,Charge 5
2024-06-08T00:49:02Z,79.0,Charge 5
2024-06-08T00:49:17Z,79.0,Charge 5
2024-06-08T00:49:22Z,78.0,Charge 5
2024-06-08T00:49:32Z,79.0,Charge 5
2024-06-08T00:49:37Z,80.0,Charge 5
2024-06-08T00:49:52Z,80.0,Charge 5
2024-06-08T00:49:57Z,80.0,Charge 5
2024-06-08T00:50:02Z,80.0,Charge 5
2024-06-08T00:50:07Z,78.0,Charge 5
2024-06-08T00:50:12Z,76.0,Charge 5
2024-06-08T00:50:27Z,77.0,Charge 5
2024-06-08T00:50:32Z,78.0,Charge 5
2024-06-08T00:50:37Z,79.0,Charge 5
2024-06-08T00:50:52Z,80.0,Charge 5
2024-06-08T00:50:57Z,79.0,Charge 5
2024-06-08T00:51:12Z,79.0,Charge 5
2024-06-08T00:51:22Z,80.0,Charge 5
2024-06-08T00:51:27Z,79.0,Charge 5
2024-06-08T00:51:32Z,77.0,Charge 5
2024-06-08T00:51:47Z,77.0,Charge 5
2024-06-08T00:51:52Z,78.0,Charge 5
2024-06-08T00:52:07Z,77.0,Charge 5
2024-06-08T00:52:12Z,76.0,Charge 5
2024-06-08T00:52:22Z,78.0,Charge 5
2024-06-08T00:52:27Z,82.0,Charge 5
2024-06-08T00:52:37Z,80.0,Charge 5
2024-06-08T00:52:42Z,78.0,Charge 5
2024-06-08T00:52:47Z,77.0,Charge 5
2024-06-08T00:52:57Z,78.0,Charge 5
2024-06-08T00:53:02Z,79.0,Charge 5
2024-06-08T00:53:07Z,80.0,Charge 5
2024-06-08T00:53:22Z,79.0,Charge 5
2024-06-08T00:53:32Z,78.0,Charge 5
2024-06-08T00:53:42Z,79.0,Charge 5
2024-06-08T00:53:57Z,79.0,Charge 5
2024-06-08T00:54:12Z,79.0,Charge 5
2024-06-08T00:54:28Z,80.0,Charge 5
2024-06-08T00:54:33Z,79.0,Charge 5
2024-06-08T00:54:43Z,78.0,Charge 5
2024-06-08T00:54:53Z,79.0,Charge 5
2024-06-08T00:55:03Z,80.0,Charge 5
2024-06-08T00:55:18Z,80.0,Charge 5
2024-06-08T00:55:28Z,79.0,Charge 5
2024-06-08T00:55:38Z,78.0,Charge 5
2024-06-08T00:55:43Z,77.0,Charge 5
2024-06-08T00:55:53Z,76.0,Charge 5
2024-06-08T00:56:03Z,77.0,Charge 5
2024-06-08T00:56:08Z,78.0,Charge 5
2024-06-08T00:56:13Z,79.0,Charge 5
2024-06-08T00:56:23Z,78.0,Charge 5
2024-06-08T00:56:28Z,77.0,Charge 5
2024-06-08T00:56:33Z,76.0,Charge 5
2024-06-08T00:56:48Z,78.0,Charge 5
2024-06-08T00:56:53Z,79.0,Charge 5
2024-06-08T00:56:58Z,80.0,Charge 5
2024-06-08T00:57:03Z,79.0,Charge 5
2024-06-08T00:57:13Z,80.0,Charge 5
2024-06-08T00:57:23Z,79.0,Charge 5
2024-06-08T00:57:28Z,77.0,Charge 5
2024-06-08T00:57:33Z,76.0,Charge 5
2024-06-08T00:57:48Z,78.0,Charge 5
2024-06-08T00:57:58Z,79.0,Charge 5
2024-06-08T00:58:03Z,80.0,Charge 5
2024-06-08T00:58:08Z,80.0,Charge 5
2024-06-08T00:58:23Z,80.0,Charge 5
2024-06-08T00:58:28Z,79.0,Charge 5
2024-06-08T00:58:43Z,79.0,Charge 5
2024-06-08T00:58:53Z,80.0,Charge 5
2024-06-08T00:59:08Z,80.0,Charge 5
2024-06-08T00:59:13Z,79.0,Charge 5
2024-06-08T00:59:23Z,80.0,Charge 5
2024-06-08T00:59:33Z,79.0,Charge 5
2024-06-08T00:59:43Z,78.0,Charge 5
2024-06-08T00:59:53Z,77.0,Charge 5
2024-06-08T01:00:03Z,79.0,Charge 5
2024-06-08T01:00:08Z,80.0,Charge 5
2024-06-08T01:00:13Z,79.0,Charge 5
2024-06-08T01:00:28Z,79.0,Charge 5
2024-06-08T01:00:33Z,78.0,Charge 5
2024-06-08T01:00:48Z,78.0,Charge 5
2024-06-08T01:00:58Z,79.0,Charge 5
2024-06-08T01:01:13Z,80.0,Charge 5
2024-06-08T01:01:23Z,79.0,Charge 5
2024-06-08T01:01:38Z,80.0,Charge 5
2024-06-08T01:01:53Z,79.0,Charge 5
2024-06-08T01:02:03Z,78.0,Charge 5
2024-06-08T01:02:08Z,77.0,Charge 5
2024-06-08T01:02:13Z,75.0,Charge 5
2024-06-08T01:02:18Z,73.0,Charge 5
2024-06-08T01:02:23Z,74.0,Charge 5
2024-06-08T01:02:28Z,75.0,Charge 5
2024-06-08T01:02:33Z,77.0,Charge 5
2024-06-08T01:02:38Z,78.0,Charge 5
2024-06-08T01:02:43Z,80.0,Charge 5
2024-06-08T01:02:53Z,79.0,Charge 5
2024-06-08T01:03:08Z,80.0,Charge 5
2024-06-08T01:03:18Z,79.0,Charge 5
2024-06-08T01:03:28Z,81.0,Charge 5
2024-06-08T01:03:33Z,82.0,Charge 5
2024-06-08T01:03:38Z,83.0,Charge 5
2024-06-08T01:03:43Z,82.0,Charge 5
2024-06-08T01:03:48Z,81.0,Charge 5
2024-06-08T01:03:58Z,80.0,Charge 5
2024-06-08T01:04:03Z,79.0,Charge 5
2024-06-08T01:04:08Z,78.0,Charge 5
2024-06-08T01:04:18Z,79.0,Charge 5
2024-06-08T01:04:23Z,80.0,Charge 5
2024-06-08T01:04:33Z,79.0,Charge 5
2024-06-08T01:04:48Z,78.0,Charge 5
2024-06-08T01:04:53Z,77.0,Charge 5
2024-06-08T01:05:08Z,77.0,Charge 5
2024-06-08T01:05:23Z,79.0,Charge 5
2024-06-08T01:05:38Z,79.0,Charge 5
2024-06-08T01:05:53Z,79.0,Charge 5
2024-06-08T01:06:08Z,79.0,Charge 5
2024-06-08T01:06:18Z,78.0,Charge 5
2024-06-08T01:06:23Z,77.0,Charge 5
2024-06-08T01:06:28Z,77.0,Charge 5
2024-06-08T01:06:33Z,76.0,Charge 5
2024-06-08T01:06:38Z,75.0,Charge 5
2024-06-08T01:06:43Z,76.0,Charge 5
2024-06-08T01:06:53Z,77.0,Charge 5
2024-06-08T01:07:08Z,78.0,Charge 5
2024-06-08T01:07:13Z,79.0,Charge 5
2024-06-08T01:07:18Z,80.0,Charge 5
2024-06-08T01:07:23Z,79.0,Charge 5
2024-06-08T01:07:28Z,76.0,Charge 5
2024-06-08T01:07:38Z,77.0,Charge 5
2024-06-08T01:07:48Z,78.0,Charge 5
2024-06-08T01:07:58Z,79.0,Charge 5
2024-06-08T01:08:08Z,80.0,Charge 5
2024-06-08T01:08:13Z,79.0,Charge 5
2024-06-08T01:08:18Z,78.0,Charge 5
2024-06-08T01:08:28Z,79.0,Charge 5
2024-06-08T01:08:33Z,78.0,Charge 5
2024-06-08T01:08:48Z,78.0,Charge 5
2024-06-08T01:09:03Z,79.0,Charge 5
2024-06-08T01:09:18Z,79.0,Charge 5
2024-06-08T01:09:28Z,80.0,Charge 5
2024-06-08T01:09:33Z,79.0,Charge 5
2024-06-08T01:09:48Z,79.0,Charge 5
2024-06-08T01:09:58Z,78.0,Charge 5
2024-06-08T01:10:08Z,77.0,Charge 5
2024-06-08T01:10:13Z,76.0,Charge 5
2024-06-08T01:10:18Z,76.0,Charge 5
2024-06-08T01:10:23Z,77.0,Charge 5
2024-06-08T01:10:28Z,78.0,Charge 5
2024-06-08T01:10:33Z,77.0,Charge 5
2024-06-08T01:10:48Z,78.0,Charge 5
2024-06-08T01:10:53Z,79.0,Charge 5
2024-06-08T01:10:58Z,78.0,Charge 5
2024-06-08T01:11:08Z,77.0,Charge 5
2024-06-08T01:11:23Z,78.0,Charge 5
2024-06-08T01:11:33Z,77.0,Charge 5
2024-06-08T01:11:43Z,78.0,Charge 5
2024-06-08T01:11:53Z,76.0,Charge 5
2024-06-08T01:12:08Z,77.0,Charge 5
2024-06-08T01:12:13Z,78.0,Charge 5
2024-06-08T01:12:18Z,79.0,Charge 5
2024-06-08T01:12:28Z,80.0,Charge 5
2024-06-08T01:12:33Z,79.0,Charge 5
2024-06-08T01:12:43Z,78.0,Charge 5
2024-06-08T01:12:58Z,80.0,Charge 5
2024-06-08T01:13:13Z,79.0,Charge 5
2024-06-08T01:13:28Z,80.0,Charge 5
2024-06-08T01:13:33Z,79.0,Charge 5
2024-06-08T01:13:48Z,78.0,Charge 5
2024-06-08T01:13:58Z,79.0,Charge 5
2024-06-08T01:14:03Z,80.0,Charge 5
2024-06-08T01:14:13Z,79.0,Charge 5
2024-06-08T01:14:23Z,81.0,Charge 5
2024-06-08T01:14:28Z,84.0,Charge 5
2024-06-08T01:14:43Z,83.0,Charge 5
2024-06-08T01:14:48Z,81.0,Charge 5
2024-06-08T01:14:53Z,80.0,Charge 5
2024-06-08T01:15:03Z,81.0,Charge 5
2024-06-08T01:15:13Z,82.0,Charge 5
2024-06-08T01:15:18Z,81.0,Charge 5
2024-06-08T01:15:28Z,80.0,Charge 5
2024-06-08T01:15:43Z,80.0,Charge 5
2024-06-08T01:15:53Z,79.0,Charge 5
2024-06-08T01:16:03Z,80.0,Charge 5
2024-06-08T01:16:08Z,81.0,Charge 5
2024-06-08T01:16:13Z,80.0,Charge 5
2024-06-08T01:16:18Z,78.0,Charge 5
2024-06-08T01:16:23Z,77.0,Charge 5
2024-06-08T01:16:28Z,78.0,Charge 5
2024-06-08T01:16:43Z,79.0,Charge 5
2024-06-08T01:16:48Z,80.0,Charge 5
2024-06-08T01:16:53Z,79.0,Charge 5
2024-06-08T01:16:58Z,78.0,Charge 5
2024-06-08T01:17:13Z,80.0,Charge 5
2024-06-08T01:17:18Z,81.0,Charge 5
2024-06-08T01:17:23Z,79.0,Charge 5
2024-06-08T01:17:28Z,78.0,Charge 5
2024-06-08T01:17:33Z,76.0,Charge 5
2024-06-08T01:17:38Z,75.0,Charge 5
2024-06-08T01:17:43Z,76.0,Charge 5
2024-06-08T01:17:48Z,78.0,Charge 5
2024-06-08T01:17:58Z,79.0,Charge 5
2024-06-08T01:18:03Z,80.0,Charge 5
2024-06-08T01:18:08Z,81.0,Charge 5
2024-06-08T01:18:13Z,87.0,Charge 5
2024-06-08T01:18:18Z,90.0,Charge 5
2024-06-08T01:18:23Z,93.0,Charge 5
2024-06-08T01:18:28Z,97.0,Charge 5
2024-06-08T01:18:33Z,93.0,Charge 5
2024-06-08T01:18:38Z,88.0,Charge 5
2024-06-08T01:18:43Z,83.0,Charge 5
2024-06-08T01:18:48Z,78.0,Charge 5
2024-06-08T01:18:53Z,75.0,Charge 5
2024-06-08T01:18:58Z,73.0,Charge 5
2024-06-08T01:19:03Z,72.0,Charge 5
2024-06-08T01:19:08Z,73.0,Charge 5
2024-06-08T01:19:13Z,75.0,Charge 5
2024-06-08T01:19:18Z,76.0,Charge 5
2024-06-08T01:19:23Z,77.0,Charge 5
2024-06-08T01:19:28Z,76.0,Charge 5
2024-06-08T01:19:33Z,75.0,Charge 5
2024-06-08T01:19:38Z,77.0,Charge 5
2024-06-08T01:19:43Z,78.0,Charge 5
2024-06-08T01:19:48Z,77.0,Charge 5
2024-06-08T01:19:53Z,76.0,Charge 5
2024-06-08T01:20:03Z,77.0,Charge 5
2024-06-08T01:20:08Z,76.0,Charge 5
2024-06-08T01:20:13Z,75.0,Charge 5
2024-06-08T01:20:23Z,76.0,Charge 5
2024-06-08T01:20:28Z,77.0,Charge 5
2024-06-08T01:20:43Z,77.0,Charge 5
2024-06-08T01:20:48Z,78.0,Charge 5
2024-06-08T01:20:58Z,77.0,Charge 5
2024-06-08T01:21:08Z,78.0,Charge 5
2024-06-08T01:21:13Z,79.0,Charge 5
2024-06-08T01:21:18Z,78.0,Charge 5
2024-06-08T01:21:23Z,77.0,Charge 5
2024-06-08T01:21:38Z,75.0,Charge 5
2024-06-08T01:21:48Z,74.0,Charge 5
2024-06-08T01:22:03Z,74.0,Charge 5
2024-06-08T01:22:08Z,75.0,Charge 5
2024-06-08T01:22:13Z,76.0,Charge 5
2024-06-08T01:22:28Z,76.0,Charge 5
2024-06-08T01:22:33Z,77.0,Charge 5
2024-06-08T01:22:38Z,78.0,Charge 5
2024-06-08T01:22:43Z,77.0,Charge 5
2024-06-08T01:22:48Z,76.0,Charge 5
2024-06-08T01:23:03Z,76.0,Charge 5
2024-06-08T01:23:18Z,76.0,Charge 5
2024-06-08T01:23:33Z,77.0,Charge 5
2024-06-08T01:23:38Z,76.0,Charge 5
2024-06-08T01:23:43Z,75.0,Charge 5
2024-06-08T01:23:48Z,74.0,Charge 5
2024-06-08T01:24:03Z,75.0,Charge 5
2024-06-08T01:24:08Z,76.0,Charge 5
2024-06-08T01:24:13Z,77.0,Charge 5
2024-06-08T01:24:23Z,76.0,Charge 5
2024-06-08T01:24:38Z,76.0,Charge 5
2024-06-08T01:24:53Z,76.0,Charge 5
2024-06-08T01:24:58Z,77.0,Charge 5
2024-06-08T01:25:03Z,76.0,Charge 5
2024-06-08T01:25:13Z,77.0,Charge 5
2024-06-08T01:25:23Z,76.0,Charge 5
2024-06-08T01:25:28Z,75.0,Charge 5
2024-06-08T01:25:33Z,74.0,Charge 5
2024-06-08T01:25:38Z,75.0,Charge 5
2024-06-08T01:25:43Z,74.0,Charge 5
2024-06-08T01:25:48Z,75.0,Charge 5
2024-06-08T01:25:53Z,76.0,Charge 5
2024-06-08T01:25:58Z,77.0,Charge 5
2024-06-08T01:26:08Z,76.0,Charge 5
2024-06-08T01:26:23Z,76.0,Charge 5
2024-06-08T01:26:38Z,76.0,Charge 5
2024-06-08T01:26:53Z,75.0,Charge 5
2024-06-08T01:26:58Z,74.0,Charge 5
2024-06-08T01:27:03Z,73.0,Charge 5
2024-06-08T01:27:13Z,74.0,Charge 5
2024-06-08T01:27:18Z,76.0,Charge 5
2024-06-08T01:27:23Z,77.0,Charge 5
2024-06-08T01:27:28Z,78.0,Charge 5
2024-06-08T01:27:43Z,77.0,Charge 5
2024-06-08T01:27:48Z,77.0,Charge 5
2024-06-08T01:27:53Z,76.0,Charge 5
2024-06-08T01:28:03Z,75.0,Charge 5
2024-06-08T01:28:13Z,76.0,Charge 5
2024-06-08T01:28:18Z,77.0,Charge 5
2024-06-08T01:28:28Z,76.0,Charge 5
2024-06-08T01:28:43Z,76.0,Charge 5
2024-06-08T01:28:48Z,75.0,Charge 5
2024-06-08T01:29:03Z,75.0,Charge 5
2024-06-08T01:29:13Z,76.0,Charge 5
2024-06-08T01:29:18Z,77.0,Charge 5
2024-06-08T01:29:23Z,78.0,Charge 5
2024-06-08T01:29:38Z,77.0,Charge 5
2024-06-08T01:29:43Z,78.0,Charge 5
2024-06-08T01:29:48Z,77.0,Charge 5
2024-06-08T01:29:58Z,76.0,Charge 5
2024-06-08T01:30:03Z,75.0,Charge 5
2024-06-08T01:30:18Z,76.0,Charge 5
2024-06-08T01:30:33Z,76.0,Charge 5
2024-06-08T01:30:38Z,77.0,Charge 5
2024-06-08T01:30:48Z,78.0,Charge 5
2024-06-08T01:30:53Z,77.0,Charge 5
2024-06-08T01:31:03Z,78.0,Charge 5
2024-06-08T01:31:18Z,75.0,Charge 5
2024-06-08T01:31:33Z,76.0,Charge 5
2024-06-08T01:31:38Z,77.0,Charge 5
2024-06-08T01:31:48Z,78.0,Charge 5
2024-06-08T01:31:53Z,78.0,Charge 5
2024-06-08T01:31:58Z,77.0,Charge 5
2024-06-08T01:32:13Z,77.0,Charge 5
2024-06-08T01:32:23Z,78.0,Charge 5
2024-06-08T01:32:28Z,77.0,Charge 5
2024-06-08T01:32:33Z,76.0,Charge 5
2024-06-08T01:32:48Z,77.0,Charge 5
2024-06-08T01:32:53Z,78.0,Charge 5
2024-06-08T01:33:03Z,77.0,Charge 5
2024-06-08T01:33:08Z,76.0,Charge 5
2024-06-08T01:33:18Z,77.0,Charge 5
2024-06-08T01:33:23Z,75.0,Charge 5
2024-06-08T01:33:28Z,73.0,Charge 5
2024-06-08T01:33:38Z,75.0,Charge 5
2024-06-08T01:33:43Z,76.0,Charge 5
2024-06-08T01:33:48Z,77.0,Charge 5
2024-06-08T01:33:53Z,78.0,Charge 5
2024-06-08T01:34:08Z,77.0,Charge 5
2024-06-08T01:34:13Z,75.0,Charge 5
2024-06-08T01:34:23Z,76.0,Charge 5
2024-06-08T01:34:28Z,77.0,Charge 5
2024-06-08T01:34:38Z,78.0,Charge 5
2024-06-08T01:34:43Z,77.0,Charge 5
2024-06-08T01:34:53Z,78.0,Charge 5
2024-06-08T01:35:03Z,77.0,Charge 5
2024-06-08T01:35:08Z,76.0,Charge 5
2024-06-08T01:35:23Z,75.0,Charge 5
2024-06-08T01:35:28Z,76.0,Charge 5
2024-06-08T01:35:33Z,75.0,Charge 5
2024-06-08T01:35:43Z,76.0,Charge 5
2024-06-08T01:35:53Z,77.0,Charge 5
2024-06-08T01:36:03Z,78.0,Charge 5
2024-06-08T01:36:08Z,85.0,Charge 5
2024-06-08T01:36:13Z,90.0,Charge 5
2024-06-08T01:36:18Z,92.0,Charge 5
2024-06-08T01:36:23Z,87.0,Charge 5
2024-06-08T01:36:28Z,78.0,Charge 5
2024-06-08T01:36:33Z,75.0,Charge 5
2024-06-08T01:36:43Z,74.0,Charge 5
2024-06-08T01:36:48Z,73.0,Charge 5
2024-06-08T01:36:53Z,72.0,Charge 5
2024-06-08T01:36:58Z,74.0,Charge 5
2024-06-08T01:37:03Z,76.0,Charge 5
2024-06-08T01:37:08Z,78.0,Charge 5
2024-06-08T01:37:13Z,79.0,Charge 5
2024-06-08T01:37:18Z,78.0,Charge 5
2024-06-08T01:37:23Z,77.0,Charge 5
2024-06-08T01:37:28Z,75.0,Charge 5
2024-06-08T01:37:33Z,74.0,Charge 5
2024-06-08T01:37:38Z,73.0,Charge 5
2024-06-08T01:37:53Z,74.0,Charge 5
2024-06-08T01:38:03Z,73.0,Charge 5
2024-06-08T01:38:08Z,75.0,Charge 5
2024-06-08T01:38:13Z,75.0,Charge 5
2024-06-08T01:38:23Z,76.0,Charge 5
2024-06-08T01:38:28Z,77.0,Charge 5
2024-06-08T01:38:33Z,78.0,Charge 5
2024-06-08T01:38:38Z,77.0,Charge 5
2024-06-08T01:38:43Z,75.0,Charge 5
2024-06-08T01:38:48Z,74.0,Charge 5
2024-06-08T01:38:58Z,75.0,Charge 5
2024-06-08T01:39:03Z,76.0,Charge 5
2024-06-08T01:39:18Z,75.0,Charge 5
2024-06-08T01:39:33Z,76.0,Charge 5
2024-06-08T01:39:38Z,77.0,Charge 5
2024-06-08T01:39:42Z,77.0,Charge 5
2024-06-08T01:39:52Z,76.0,Charge 5
2024-06-08T01:40:02Z,75.0,Charge 5
2024-06-08T01:40:12Z,76.0,Charge 5
2024-06-08T01:40:27Z,75.0,Charge 5
2024-06-08T01:40:37Z,76.0,Charge 5
2024-06-08T01:40:52Z,75.0,Charge 5
2024-06-08T01:40:57Z,74.0,Charge 5
2024-06-08T01:41:07Z,75.0,Charge 5
2024-06-08T01:41:12Z,77.0,Charge 5
2024-06-08T01:41:17Z,79.0,Charge 5
2024-06-08T01:41:22Z,80.0,Charge 5
2024-06-08T01:41:27Z,79.0,Charge 5
2024-06-08T01:41:42Z,80.0,Charge 5
2024-06-08T01:41:52Z,77.0,Charge 5
2024-06-08T01:41:57Z,75.0,Charge 5
2024-06-08T01:42:02Z,74.0,Charge 5
2024-06-08T01:42:07Z,75.0,Charge 5
2024-06-08T01:42:22Z,73.0,Charge 5
2024-06-08T01:42:37Z,74.0,Charge 5
2024-06-08T01:42:42Z,75.0,Charge 5
2024-06-08T01:42:52Z,76.0,Charge 5
2024-06-08T01:42:57Z,77.0,Charge 5
2024-06-08T01:43:02Z,78.0,Charge 5
2024-06-08T01:43:07Z,76.0,Charge 5
2024-06-08T01:43:12Z,73.0,Charge 5
2024-06-08T01:43:27Z,75.0,Charge 5
2024-06-08T01:43:32Z,75.0,Charge 5
2024-06-08T01:43:42Z,76.0,Charge 5
2024-06-08T01:43:47Z,75.0,Charge 5
2024-06-08T01:43:57Z,76.0,Charge 5
2024-06-08T01:44:12Z,76.0,Charge 5
2024-06-08T01:44:27Z,76.0,Charge 5
2024-06-08T01:44:32Z,77.0,Charge 5
2024-06-08T01:44:37Z,76.0,Charge 5
2024-06-08T01:44:47Z,75.0,Charge 5
2024-06-08T01:44:52Z,76.0,Charge 5
2024-06-08T01:44:57Z,77.0,Charge 5
2024-06-08T01:45:07Z,76.0,Charge 5
2024-06-08T01:45:22Z,74.0,Charge 5
2024-06-08T01:45:27Z,73.0,Charge 5
2024-06-08T01:45:37Z,74.0,Charge 5
2024-06-08T01:45:42Z,75.0,Charge 5
2024-06-08T01:45:47Z,76.0,Charge 5
2024-06-08T01:45:52Z,77.0,Charge 5
2024-06-08T01:46:02Z,76.0,Charge 5
2024-06-08T01:46:12Z,75.0,Charge 5
2024-06-08T01:46:17Z,74.0,Charge 5
2024-06-08T01:46:27Z,76.0,Charge 5
2024-06-08T01:46:32Z,77.0,Charge 5
2024-06-08T01:46:37Z,76.0,Charge 5
2024-06-08T01:46:42Z,75.0,Charge 5
2024-06-08T01:46:52Z,76.0,Charge 5
2024-06-08T01:47:07Z,75.0,Charge 5
2024-06-08T01:47:12Z,74.0,Charge 5
2024-06-08T01:47:17Z,75.0,Charge 5
2024-06-08T01:47:22Z,76.0,Charge 5
2024-06-08T01:47:27Z,77.0,Charge 5
2024-06-08T01:47:42Z,77.0,Charge 5
2024-06-08T01:47:47Z,78.0,Charge 5
2024-06-08T01:47:57Z,77.0,Charge 5
2024-06-08T01:48:07Z,76.0,Charge 5
2024-06-08T01:48:22Z,77.0,Charge 5
2024-06-08T01:48:37Z,77.0,Charge 5
2024-06-08T01:48:52Z,76.0,Charge 5
2024-06-08T01:49:02Z,75.0,Charge 5
2024-06-08T01:49:07Z,76.0,Charge 5
2024-06-08T01:49:12Z,77.0,Charge 5
2024-06-08T01:49:17Z,78.0,Charge 5
2024-06-08T01:49:22Z,79.0,Charge 5
2024-06-08T01:49:37Z,78.0,Charge 5
2024-06-08T01:49:42Z,77.0,Charge 5
2024-06-08T01:49:47Z,75.0,Charge 5
2024-06-08T01:49:57Z,78.0,Charge 5
2024-06-08T01:50:02Z,80.0,Charge 5
2024-06-08T01:50:07Z,79.0,Charge 5
2024-06-08T01:50:12Z,77.0,Charge 5
2024-06-08T01:50:17Z,75.0,Charge 5
2024-06-08T01:50:27Z,74.0,Charge 5
2024-06-08T01:50:37Z,75.0,Charge 5
2024-06-08T01:50:42Z,76.0,Charge 5
2024-06-08T01:50:47Z,77.0,Charge 5
2024-06-08T01:50:52Z,78.0,Charge 5
2024-06-08T01:51:02Z,77.0,Charge 5
2024-06-08T01:51:07Z,76.0,Charge 5
2024-06-08T01:51:12Z,75.0,Charge 5
2024-06-08T01:51:22Z,77.0,Charge 5
2024-06-08T01:51:27Z,78.0,Charge 5
2024-06-08T01:51:37Z,77.0,Charge 5
2024-06-08T01:51:52Z,78.0,Charge 5
2024-06-08T01:52:07Z,78.0,Charge 5
2024-06-08T01:52:12Z,77.0,Charge 5
2024-06-08T01:52:17Z,76.0,Charge 5
2024-06-08T01:52:27Z,75.0,Charge 5
2024-06-08T01:52:42Z,75.0,Charge 5
2024-06-08T01:52:52Z,76.0,Charge 5
2024-06-08T01:53:07Z,76.0,Charge 5
2024-06-08T01:53:17Z,75.0,Charge 5
2024-06-08T01:53:32Z,76.0,Charge 5
2024-06-08T01:53:37Z,77.0,Charge 5
2024-06-08T01:53:42Z,78.0,Charge 5
2024-06-08T01:53:47Z,77.0,Charge 5
2024-06-08T01:54:02Z,77.0,Charge 5
2024-06-08T01:54:17Z,77.0,Charge 5
2024-06-08T01:54:32Z,77.0,Charge 5
2024-06-08T01:54:42Z,76.0,Charge 5
2024-06-08T01:54:48Z,76.0,Charge 5
2024-06-08T01:54:53Z,75.0,Charge 5
2024-06-08T01:55:08Z,75.0,Charge 5
2024-06-08T01:55:18Z,76.0,Charge 5
2024-06-08T01:55:23Z,78.0,Charge 5
2024-06-08T01:55:38Z,78.0,Charge 5
2024-06-08T01:55:48Z,77.0,Charge 5
2024-06-08T01:55:53Z,76.0,Charge 5
2024-06-08T01:56:03Z,77.0,Charge 5
2024-06-08T01:56:08Z,78.0,Charge 5
2024-06-08T01:56:13Z,76.0,Charge 5
2024-06-08T01:56:23Z,77.0,Charge 5
2024-06-08T01:56:33Z,76.0,Charge 5
2024-06-08T01:56:48Z,76.0,Charge 5
2024-06-08T01:56:58Z,77.0,Charge 5
2024-06-08T01:57:13Z,80.0,Charge 5
2024-06-08T01:57:18Z,78.0,Charge 5
2024-06-08T01:57:23Z,77.0,Charge 5
2024-06-08T01:57:28Z,78.0,Charge 5
2024-06-08T01:57:43Z,78.0,Charge 5
2024-06-08T01:57:58Z,79.0,Charge 5
2024-06-08T01:58:13Z,79.0,Charge 5
2024-06-08T01:58:23Z,78.0,Charge 5
2024-06-08T01:58:38Z,78.0,Charge 5
2024-06-08T01:58:48Z,79.0,Charge 5
2024-06-08T01:58:53Z,78.0,Charge 5
2024-06-08T01:59:08Z,79.0,Charge 5
2024-06-08T01:59:13Z,79.0,Charge 5
2024-06-08T01:59:18Z,80.0,Charge 5
2024-06-08T01:59:28Z,79.0,Charge 5
2024-06-08T01:59:38Z,80.0,Charge 5
2024-06-08T01:59:48Z,79.0,Charge 5
2024-06-08T01:59:58Z,79.0,Charge 5
2024-06-08T02:00:08Z,85.0,Charge 5
2024-06-08T02:00:13Z,93.0,Charge 5
2024-06-08T02:00:18Z,94.0,Charge 5
2024-06-08T02:00:23Z,92.0,Charge 5
2024-06-08T02:00:28Z,88.0,Charge 5
2024-06-08T02:00:33Z,82.0,Charge 5
2024-06-08T02:00:38Z,78.0,Charge 5
2024-06-08T02:00:43Z,77.0,Charge 5
2024-06-08T02:00:48Z,76.0,Charge 5
2024-06-08T02:01:03Z,76.0,Charge 5
2024-06-08T02:01:18Z,75.0,Charge 5
2024-06-08T02:01:33Z,74.0,Charge 5
2024-06-08T02:01:48Z,73.0,Charge 5
2024-06-08T02:01:53Z,76.0,Charge 5
2024-06-08T02:01:58Z,78.0,Charge 5
2024-06-08T02:02:03Z,77.0,Charge 5
2024-06-08T02:02:08Z,76.0,Charge 5
2024-06-08T02:02:13Z,77.0,Charge 5
2024-06-08T02:02:18Z,78.0,Charge 5
2024-06-08T02:02:28Z,77.0,Charge 5
2024-06-08T02:02:33Z,77.0,Charge 5
2024-06-08T02:02:48Z,77.0,Charge 5
2024-06-08T02:02:58Z,78.0,Charge 5
2024-06-08T02:03:08Z,79.0,Charge 5
2024-06-08T02:03:13Z,80.0,Charge 5
2024-06-08T02:03:18Z,81.0,Charge 5
2024-06-08T02:03:33Z,80.0,Charge 5
2024-06-08T02:03:48Z,81.0,Charge 5
2024-06-08T02:03:53Z,82.0,Charge 5
2024-06-08T02:03:58Z,79.0,Charge 5
2024-06-08T02:04:03Z,77.0,Charge 5
2024-06-08T02:04:08Z,78.0,Charge 5
2024-06-08T02:04:13Z,79.0,Charge 5
2024-06-08T02:04:18Z,80.0,Charge 5
2024-06-08T02:04:23Z,81.0,Charge 5
2024-06-08T02:04:33Z,82.0,Charge 5
2024-06-08T02:04:48Z,81.0,Charge 5
2024-06-08T02:04:53Z,79.0,Charge 5
2024-06-08T02:04:58Z,78.0,Charge 5
2024-06-08T02:05:13Z,78.0,Charge 5
2024-06-08T02:05:23Z,79.0,Charge 5
2024-06-08T02:05:28Z,80.0,Charge 5
2024-06-08T02:05:33Z,81.0,Charge 5
2024-06-08T02:05:38Z,82.0,Charge 5
2024-06-08T02:05:43Z,81.0,Charge 5
2024-06-08T02:05:58Z,79.0,Charge 5
2024-06-08T02:06:03Z,78.0,Charge 5
2024-06-08T02:06:08Z,80.0,Charge 5
2024-06-08T02:06:18Z,81.0,Charge 5
2024-06-08T02:06:28Z,82.0,Charge 5
2024-06-08T02:06:33Z,83.0,Charge 5
2024-06-08T02:06:38Z,82.0,Charge 5
2024-06-08T02:06:43Z,82.0,Charge 5
2024-06-08T02:06:53Z,85.0,Charge 5
2024-06-08T02:06:58Z,83.0,Charge 5
2024-06-08T02:07:03Z,80.0,Charge 5
2024-06-08T02:07:13Z,81.0,Charge 5
2024-06-08T02:07:18Z,82.0,Charge 5
2024-06-08T02:07:28Z,81.0,Charge 5
2024-06-08T02:07:33Z,79.0,Charge 5
2024-06-08T02:07:43Z,80.0,Charge 5
2024-06-08T02:07:53Z,81.0,Charge 5
2024-06-08T02:07:58Z,82.0,Charge 5
2024-06-08T02:08:03Z,81.0,Charge 5
2024-06-08T02:08:08Z,77.0,Charge 5
2024-06-08T02:08:13Z,76.0,Charge 5
2024-06-08T02:08:18Z,75.0,Charge 5
2024-06-08T02:08:23Z,74.0,Charge 5
2024-06-08T02:08:33Z,73.0,Charge 5
2024-06-08T02:08:38Z,74.0,Charge 5
2024-06-08T02:08:43Z,75.0,Charge 5
2024-06-08T02:08:48Z,76.0,Charge 5
2024-06-08T02:08:53Z,77.0,Charge 5
2024-06-08T02:08:58Z,75.0,Charge 5
2024-06-08T02:09:03Z,74.0,Charge 5
2024-06-08T02:09:08Z,75.0,Charge 5
2024-06-08T02:09:23Z,76.0,Charge 5
2024-06-08T02:09:33Z,77.0,Charge 5
2024-06-08T02:09:48Z,77.0,Charge 5
2024-06-08T02:10:03Z,78.0,Charge 5
2024-06-08T02:10:18Z,77.0,Charge 5
2024-06-08T02:10:23Z,78.0,Charge 5
2024-06-08T02:10:28Z,79.0,Charge 5
2024-06-08T02:10:33Z,81.0,Charge 5
2024-06-08T02:10:38Z,82.0,Charge 5
2024-06-08T02:10:43Z,81.0,Charge 5
2024-06-08T02:10:48Z,79.0,Charge 5
2024-06-08T02:10:58Z,78.0,Charge 5
2024-06-08T02:11:13Z,78.0,Charge 5
2024-06-08T02:11:23Z,79.0,Charge 5
2024-06-08T02:11:33Z,80.0,Charge 5
2024-06-08T02:11:48Z,79.0,Charge 5
2024-06-08T02:12:03Z,79.0,Charge 5
2024-06-08T02:12:18Z,79.0,Charge 5
2024-06-08T02:12:33Z,79.0,Charge 5
2024-06-08T02:12:38Z,80.0,Charge 5
2024-06-08T02:12:53Z,80.0,Charge 5
2024-06-08T02:12:58Z,78.0,Charge 5
2024-06-08T02:13:03Z,77.0,Charge 5
2024-06-08T02:13:13Z,78.0,Charge 5
2024-06-08T02:13:18Z,79.0,Charge 5
2024-06-08T02:13:23Z,79.0,Charge 5
2024-06-08T02:13:38Z,79.0,Charge 5
2024-06-08T02:13:53Z,78.0,Charge 5
2024-06-08T02:14:03Z,79.0,Charge 5
2024-06-08T02:14:08Z,80.0,Charge 5
2024-06-08T02:14:13Z,83.0,Charge 5
2024-06-08T02:14:18Z,85.0,Charge 5
2024-06-08T02:14:23Z,84.0,Charge 5
2024-06-08T02:14:28Z,82.0,Charge 5
2024-06-08T02:14:43Z,81.0,Charge 5
2024-06-08T02:14:58Z,80.0,Charge 5
2024-06-08T02:15:03Z,78.0,Charge 5
2024-06-08T02:15:08Z,77.0,Charge 5
2024-06-08T02:15:23Z,76.0,Charge 5
2024-06-08T02:15:28Z,74.0,Charge 5
2024-06-08T02:15:33Z,72.0,Charge 5
2024-06-08T02:15:43Z,73.0,Charge 5
2024-06-08T02:15:48Z,75.0,Charge 5
2024-06-08T02:15:58Z,77.0,Charge 5
2024-06-08T02:16:03Z,77.0,Charge 5
2024-06-08T02:16:13Z,76.0,Charge 5
2024-06-08T02:16:18Z,74.0,Charge 5
2024-06-08T02:16:28Z,75.0,Charge 5
2024-06-08T02:16:33Z,77.0,Charge 5
2024-06-08T02:16:38Z,78.0,Charge 5
2024-06-08T02:16:43Z,77.0,Charge 5
2024-06-08T02:16:58Z,77.0,Charge 5
2024-06-08T02:17:03Z,77.0,Charge 5
2024-06-08T02:17:13Z,77.0,Charge 5
2024-06-08T02:17:23Z,83.0,Charge 5
2024-06-08T02:17:28Z,89.0,Charge 5
2024-06-08T02:17:33Z,87.0,Charge 5
2024-06-08T02:17:38Z,83.0,Charge 5
2024-06-08T02:17:43Z,80.0,Charge 5
2024-06-08T02:17:48Z,77.0,Charge 5
2024-06-08T02:17:53Z,75.0,Charge 5
2024-06-08T02:17:58Z,73.0,Charge 5
2024-06-08T02:18:13Z,73.0,Charge 5
2024-06-08T02:18:18Z,74.0,Charge 5
2024-06-08T02:18:23Z,75.0,Charge 5
2024-06-08T02:18:28Z,76.0,Charge 5
2024-06-08T02:18:38Z,78.0,Charge 5
2024-06-08T02:18:43Z,81.0,Charge 5
2024-06-08T02:18:48Z,83.0,Charge 5
2024-06-08T02:18:58Z,82.0,Charge 5
2024-06-08T02:19:03Z,81.0,Charge 5
2024-06-08T02:19:08Z,80.0,Charge 5
2024-06-08T02:19:13Z,80.0,Charge 5
2024-06-08T02:19:23Z,81.0,Charge 5
2024-06-08T02:19:28Z,79.0,Charge 5
2024-06-08T02:19:33Z,78.0,Charge 5
2024-06-08T02:19:43Z,77.0,Charge 5
2024-06-08T02:19:58Z,77.0,Charge 5
2024-06-08T02:20:03Z,76.0,Charge 5
2024-06-08T02:20:08Z,76.0,Charge 5
2024-06-08T02:20:23Z,75.0,Charge 5
2024-06-08T02:20:38Z,75.0,Charge 5
2024-06-08T02:20:48Z,74.0,Charge 5
2024-06-08T02:20:58Z,75.0,Charge 5
2024-06-08T02:21:03Z,76.0,Charge 5
2024-06-08T02:21:08Z,77.0,Charge 5
2024-06-08T02:21:13Z,78.0,Charge 5
2024-06-08T02:21:28Z,78.0,Charge 5
2024-06-08T02:21:43Z,78.0,Charge 5
2024-06-08T02:21:48Z,79.0,Charge 5
2024-06-08T02:21:58Z,78.0,Charge 5
2024-06-08T02:22:03Z,78.0,Charge 5
2024-06-08T02:22:18Z,78.0,Charge 5
2024-06-08T02:22:23Z,79.0,Charge 5
2024-06-08T02:22:38Z,79.0,Charge 5
2024-06-08T02:22:43Z,80.0,Charge 5
2024-06-08T02:22:53Z,79.0,Charge 5
2024-06-08T02:22:58Z,78.0,Charge 5
2024-06-08T02:23:03Z,77.0,Charge 5
2024-06-08T02:23:08Z,76.0,Charge 5
2024-06-08T02:23:23Z,74.0,Charge 5
2024-06-08T02:23:28Z,72.0,Charge 5
2024-06-08T02:23:38Z,74.0,Charge 5
2024-06-08T02:23:53Z,75.0,Charge 5
2024-06-08T02:23:58Z,76.0,Charge 5
2024-06-08T02:24:13Z,77.0,Charge 5
2024-06-08T02:24:18Z,76.0,Charge 5
2024-06-08T02:24:23Z,75.0,Charge 5
2024-06-08T02:24:28Z,74.0,Charge 5
2024-06-08T02:24:33Z,77.0,Charge 5
2024-06-08T02:24:38Z,79.0,Charge 5
2024-06-08T02:24:43Z,81.0,Charge 5
2024-06-08T02:24:48Z,82.0,Charge 5
2024-06-08T02:24:57Z,83.0,Charge 5
2024-06-08T02:25:02Z,81.0,Charge 5
2024-06-08T02:25:07Z,80.0,Charge 5
2024-06-08T02:25:17Z,81.0,Charge 5
2024-06-08T02:25:32Z,81.0,Charge 5
2024-06-08T02:25:42Z,80.0,Charge 5
2024-06-08T02:25:52Z,79.0,Charge 5
2024-06-08T02:25:57Z,78.0,Charge 5
2024-06-08T02:26:07Z,79.0,Charge 5
2024-06-08T02:26:17Z,80.0,Charge 5
2024-06-08T02:26:22Z,78.0,Charge 5
2024-06-08T02:26:27Z,76.0,Charge 5
2024-06-08T02:26:37Z,78.0,Charge 5
2024-06-08T02:26:52Z,79.0,Charge 5
2024-06-08T02:27:02Z,80.0,Charge 5
2024-06-08T02:27:07Z,81.0,Charge 5
2024-06-08T02:27:12Z,81.0,Charge 5
2024-06-08T02:27:27Z,81.0,Charge 5
2024-06-08T02:27:32Z,80.0,Charge 5
2024-06-08T02:27:37Z,79.0,Charge 5
2024-06-08T02:27:42Z,77.0,Charge 5
2024-06-08T02:27:52Z,76.0,Charge 5
2024-06-08T02:28:07Z,77.0,Charge 5
2024-06-08T02:28:12Z,78.0,Charge 5
2024-06-08T02:28:17Z,80.0,Charge 5
2024-06-08T02:28:27Z,79.0,Charge 5
2024-06-08T02:28:32Z,78.0,Charge 5
2024-06-08T02:28:37Z,78.0,Charge 5
2024-06-08T02:28:47Z,77.0,Charge 5
2024-06-08T02:28:57Z,76.0,Charge 5
2024-06-08T02:29:12Z,76.0,Charge 5
2024-06-08T02:29:27Z,76.0,Charge 5
2024-06-08T02:29:32Z,77.0,Charge 5
2024-06-08T02:29:37Z,78.0,Charge 5
2024-06-08T02:29:52Z,77.0,Charge 5
2024-06-08T02:30:02Z,76.0,Charge 5
2024-06-08T02:30:12Z,77.0,Charge 5
2024-06-08T02:30:27Z,77.0,Charge 5
2024-06-08T02:30:37Z,76.0,Charge 5
2024-06-08T02:30:42Z,75.0,Charge 5
2024-06-08T02:30:47Z,76.0,Charge 5
2024-06-08T02:30:52Z,78.0,Charge 5
2024-06-08T02:31:02Z,77.0,Charge 5
2024-06-08T02:31:12Z,78.0,Charge 5
2024-06-08T02:31:22Z,80.0,Charge 5
2024-06-08T02:31:27Z,88.0,Charge 5
2024-06-08T02:31:32Z,91.0,Charge 5
2024-06-08T02:31:37Z,90.0,Charge 5
2024-06-08T02:31:42Z,89.0,Charge 5
2024-06-08T02:31:47Z,87.0,Charge 5
2024-06-08T02:31:52Z,84.0,Charge 5
2024-06-08T02:31:57Z,81.0,Charge 5
2024-06-08T02:32:02Z,79.0,Charge 5
2024-06-08T02:32:07Z,77.0,Charge 5
2024-06-08T02:32:12Z,76.0,Charge 5
2024-06-08T02:32:17Z,75.0,Charge 5
2024-06-08T02:32:22Z,74.0,Charge 5
2024-06-08T02:32:32Z,73.0,Charge 5
2024-06-08T02:32:37Z,72.0,Charge 5
2024-06-08T02:32:52Z,72.0,Charge 5
2024-06-08T02:33:02Z,73.0,Charge 5
2024-06-08T02:33:12Z,74.0,Charge 5
2024-06-08T02:33:22Z,75.0,Charge 5
2024-06-08T02:33:27Z,76.0,Charge 5
2024-06-08T02:33:37Z,78.0,Charge 5
2024-06-08T02:33:42Z,79.0,Charge 5
2024-06-08T02:33:57Z,79.0,Charge 5
2024-06-08T02:34:07Z,80.0,Charge 5
2024-06-08T02:34:17Z,79.0,Charge 5
2024-06-08T02:34:32Z,78.0,Charge 5
2024-06-08T02:34:37Z,76.0,Charge 5
2024-06-08T02:34:52Z,76.0,Charge 5
2024-06-08T02:34:57Z,78.0,Charge 5
2024-06-08T02:35:02Z,79.0,Charge 5
2024-06-08T02:35:07Z,80.0,Charge 5
2024-06-08T02:35:12Z,81.0,Charge 5
2024-06-08T02:35:17Z,80.0,Charge 5
2024-06-08T02:35:27Z,81.0,Charge 5
2024-06-08T02:35:42Z,80.0,Charge 5
2024-06-08T02:35:47Z,79.0,Charge 5
2024-06-08T02:35:52Z,78.0,Charge 5
2024-06-08T02:36:07Z,77.0,Charge 5
2024-06-08T02:36:17Z,79.0,Charge 5
2024-06-08T02:36:22Z,80.0,Charge 5
2024-06-08T02:36:37Z,80.0,Charge 5
2024-06-08T02:36:52Z,79.0,Charge 5
2024-06-08T02:36:57Z,78.0,Charge 5
2024-06-08T02:37:02Z,76.0,Charge 5
2024-06-08T02:37:17Z,76.0,Charge 5
2024-06-08T02:37:27Z,75.0,Charge 5
2024-06-08T02:37:37Z,76.0,Charge 5
2024-06-08T02:37:52Z,79.0,Charge 5
2024-06-08T02:37:57Z,80.0,Charge 5
2024-06-08T02:38:02Z,79.0,Charge 5
2024-06-08T02:38:07Z,76.0,Charge 5
2024-06-08T02:38:17Z,77.0,Charge 5
2024-06-08T02:38:27Z,78.0,Charge 5
2024-06-08T02:38:37Z,79.0,Charge 5
2024-06-08T02:38:42Z,78.0,Charge 5
2024-06-08T02:38:52Z,78.0,Charge 5
2024-06-08T02:39:02Z,79.0,Charge 5
2024-06-08T02:39:07Z,75.0,Charge 5
2024-06-08T02:39:12Z,74.0,Charge 5
2024-06-08T02:39:22Z,75.0,Charge 5
2024-06-08T02:39:27Z,77.0,Charge 5
2024-06-08T02:39:42Z,75.0,Charge 5
2024-06-08T02:39:47Z,74.0,Charge 5
2024-06-08T02:39:52Z,74.0,Charge 5
2024-06-08T02:39:57Z,75.0,Charge 5
2024-06-08T02:40:03Z,77.0,Charge 5
2024-06-08T02:40:08Z,78.0,Charge 5
2024-06-08T02:40:23Z,78.0,Charge 5
2024-06-08T02:40:28Z,77.0,Charge 5
2024-06-08T02:40:33Z,76.0,Charge 5
2024-06-08T02:40:38Z,74.0,Charge 5
2024-06-08T02:40:43Z,71.0,Charge 5
2024-06-08T02:40:48Z,72.0,Charge 5
2024-06-08T02:40:53Z,73.0,Charge 5
2024-06-08T02:40:58Z,75.0,Charge 5
2024-06-08T02:41:03Z,76.0,Charge 5
2024-06-08T02:41:08Z,77.0,Charge 5
2024-06-08T02:41:13Z,79.0,Charge 5
2024-06-08T02:41:28Z,81.0,Charge 5
2024-06-08T02:41:33Z,79.0,Charge 5
2024-06-08T02:41:38Z,78.0,Charge 5
2024-06-08T02:41:53Z,78.0,Charge 5
2024-06-08T02:41:58Z,79.0,Charge 5
2024-06-08T02:42:03Z,80.0,Charge 5
2024-06-08T02:42:08Z,79.0,Charge 5
2024-06-08T02:42:18Z,78.0,Charge 5
2024-06-08T02:42:28Z,79.0,Charge 5
2024-06-08T02:42:43Z,88.0,Charge 5
2024-06-08T02:42:48Z,91.0,Charge 5
2024-06-08T02:42:53Z,88.0,Charge 5
2024-06-08T02:42:58Z,82.0,Charge 5
2024-06-08T02:43:03Z,78.0,Charge 5
2024-06-08T02:43:08Z,76.0,Charge 5
2024-06-08T02:43:13Z,75.0,Charge 5
2024-06-08T02:43:28Z,77.0,Charge 5
2024-06-08T02:43:33Z,79.0,Charge 5
2024-06-08T02:43:38Z,80.0,Charge 5
2024-06-08T02:43:43Z,78.0,Charge 5
2024-06-08T02:43:48Z,76.0,Charge 5
2024-06-08T02:43:53Z,74.0,Charge 5
2024-06-08T02:44:03Z,75.0,Charge 5
2024-06-08T02:44:08Z,74.0,Charge 5
2024-06-08T02:44:23Z,75.0,Charge 5
2024-06-08T02:44:28Z,76.0,Charge 5
2024-06-08T02:44:43Z,76.0,Charge 5
2024-06-08T02:44:53Z,77.0,Charge 5
2024-06-08T02:45:03Z,75.0,Charge 5
2024-06-08T02:45:08Z,74.0,Charge 5
2024-06-08T02:45:13Z,75.0,Charge 5
2024-06-08T02:45:18Z,74.0,Charge 5
2024-06-08T02:45:23Z,73.0,Charge 5
2024-06-08T02:45:38Z,73.0,Charge 5
2024-06-08T02:45:43Z,75.0,Charge 5
2024-06-08T02:45:48Z,76.0,Charge 5
2024-06-08T02:46:03Z,77.0,Charge 5
2024-06-08T02:46:18Z,78.0,Charge 5
2024-06-08T02:46:28Z,77.0,Charge 5
2024-06-08T02:46:33Z,78.0,Charge 5
2024-06-08T02:46:38Z,77.0,Charge 5
2024-06-08T02:46:48Z,76.0,Charge 5
2024-06-08T02:46:58Z,75.0,Charge 5
2024-06-08T02:47:03Z,74.0,Charge 5
2024-06-08T02:47:08Z,76.0,Charge 5
2024-06-08T02:47:13Z,78.0,Charge 5
2024-06-08T02:47:18Z,80.0,Charge 5
2024-06-08T02:47:23Z,79.0,Charge 5
2024-06-08T02:47:28Z,75.0,Charge 5
2024-06-08T02:47:33Z,74.0,Charge 5
2024-06-08T02:47:38Z,75.0,Charge 5
2024-06-08T02:47:48Z,76.0,Charge 5
2024-06-08T02:47:53Z,77.0,Charge 5
2024-06-08T02:48:08Z,78.0,Charge 5
2024-06-08T02:48:13Z,78.0,Charge 5
2024-06-08T02:48:18Z,79.0,Charge 5
2024-06-08T02:48:23Z,79.0,Charge 5
2024-06-08T02:48:38Z,79.0,Charge 5
2024-06-08T02:48:53Z,79.0,Charge 5
2024-06-08T02:49:03Z,80.0,Charge 5
2024-06-08T02:49:08Z,79.0,Charge 5
2024-06-08T02:49:13Z,77.0,Charge 5
2024-06-08T02:49:23Z,75.0,Charge 5
2024-06-08T02:49:28Z,74.0,Charge 5
2024-06-08T02:49:38Z,75.0,Charge 5
2024-06-08T02:49:43Z,76.0,Charge 5
2024-06-08T02:49:48Z,77.0,Charge 5
2024-06-08T02:49:53Z,77.0,Charge 5
2024-06-08T02:50:03Z,78.0,Charge 5
2024-06-08T02:50:13Z,79.0,Charge 5
2024-06-08T02:50:28Z,78.0,Charge 5
2024-06-08T02:50:33Z,77.0,Charge 5
2024-06-08T02:50:38Z,76.0,Charge 5
2024-06-08T02:50:48Z,77.0,Charge 5
2024-06-08T02:50:58Z,78.0,Charge 5
2024-06-08T02:51:13Z,77.0,Charge 5
2024-06-08T02:51:18Z,78.0,Charge 5
2024-06-08T02:51:23Z,79.0,Charge 5
2024-06-08T02:51:28Z,78.0,Charge 5
2024-06-08T02:51:33Z,77.0,Charge 5
2024-06-08T02:51:38Z,76.0,Charge 5
2024-06-08T02:51:53Z,75.0,Charge 5
2024-06-08T02:52:03Z,76.0,Charge 5
2024-06-08T02:52:08Z,77.0,Charge 5
2024-06-08T02:52:13Z,78.0,Charge 5
2024-06-08T02:52:18Z,79.0,Charge 5
2024-06-08T02:52:23Z,78.0,Charge 5
2024-06-08T02:52:33Z,77.0,Charge 5
2024-06-08T02:52:48Z,78.0,Charge 5
2024-06-08T02:52:53Z,80.0,Charge 5
2024-06-08T02:53:08Z,79.0,Charge 5
2024-06-08T02:53:23Z,79.0,Charge 5
2024-06-08T02:53:28Z,78.0,Charge 5
2024-06-08T02:53:33Z,77.0,Charge 5
2024-06-08T02:53:38Z,77.0,Charge 5
2024-06-08T02:53:43Z,76.0,Charge 5
2024-06-08T02:53:58Z,76.0,Charge 5
2024-06-08T02:54:08Z,77.0,Charge 5
2024-06-08T02:54:18Z,78.0,Charge 5
2024-06-08T02:54:23Z,79.0,Charge 5
2024-06-08T02:54:28Z,78.0,Charge 5
2024-06-08T02:54:33Z,76.0,Charge 5
2024-06-08T02:54:38Z,75.0,Charge 5
2024-06-08T02:54:53Z,75.0,Charge 5
2024-06-08T02:54:58Z,76.0,Charge 5
2024-06-08T02:55:03Z,75.0,Charge 5
2024-06-08T02:55:08Z,74.0,Charge 5
2024-06-08T02:55:13Z,76.0,Charge 5
2024-06-08T02:55:18Z,77.0,Charge 5
2024-06-08T02:55:33Z,75.0,Charge 5
2024-06-08T02:55:38Z,74.0,Charge 5
2024-06-08T02:55:43Z,73.0,Charge 5
2024-06-08T02:55:48Z,74.0,Charge 5
2024-06-08T02:55:53Z,76.0,Charge 5
2024-06-08T02:55:58Z,77.0,Charge 5
2024-06-08T02:56:03Z,78.0,Charge 5
2024-06-08T02:56:08Z,79.0,Charge 5
2024-06-08T02:56:23Z,79.0,Charge 5
2024-06-08T02:56:28Z,80.0,Charge 5
2024-06-08T02:56:38Z,79.0,Charge 5
2024-06-08T02:56:43Z,78.0,Charge 5
2024-06-08T02:56:48Z,77.0,Charge 5
2024-06-08T02:56:53Z,78.0,Charge 5
2024-06-08T02:56:58Z,77.0,Charge 5
2024-06-08T02:57:03Z,76.0,Charge 5
2024-06-08T02:57:18Z,76.0,Charge 5
2024-06-08T02:57:23Z,78.0,Charge 5
2024-06-08T02:57:38Z,78.0,Charge 5
2024-06-08T02:57:43Z,79.0,Charge 5
2024-06-08T02:57:58Z,80.0,Charge 5
2024-06-08T02:58:08Z,79.0,Charge 5
2024-06-08T02:58:13Z,77.0,Charge 5
2024-06-08T02:58:28Z,77.0,Charge 5
2024-06-08T02:58:33Z,78.0,Charge 5
2024-06-08T02:58:43Z,79.0,Charge 5
2024-06-08T02:58:58Z,79.0,Charge 5
2024-06-08T02:59:08Z,78.0,Charge 5
2024-06-08T02:59:18Z,77.0,Charge 5
2024-06-08T02:59:23Z,75.0,Charge 5
2024-06-08T02:59:38Z,74.0,Charge 5
2024-06-08T02:59:43Z,73.0,Charge 5
2024-06-08T02:59:48Z,74.0,Charge 5
2024-06-08T02:59:53Z,75.0,Charge 5
2024-06-08T02:59:58Z,78.0,Charge 5
2024-06-08T03:00:03Z,80.0,Charge 5
2024-06-08T03:00:08Z,81.0,Charge 5
2024-06-08T03:00:13Z,86.0,Charge 5
2024-06-08T03:00:18Z,94.0,Charge 5
2024-06-08T03:00:23Z,98.0,Charge 5
2024-06-08T03:00:28Z,97.0,Charge 5
2024-06-08T03:00:33Z,93.0,Charge 5
2024-06-08T03:00:38Z,87.0,Charge 5
2024-06-08T03:00:43Z,82.0,Charge 5
2024-06-08T03:00:48Z,77.0,Charge 5
2024-06-08T03:00:53Z,75.0,Charge 5
2024-06-08T03:00:58Z,74.0,Charge 5
2024-06-08T03:01:03Z,73.0,Charge 5
2024-06-08T03:01:08Z,72.0,Charge 5
2024-06-08T03:01:13Z,71.0,Charge 5
2024-06-08T03:01:18Z,72.0,Charge 5
2024-06-08T03:01:23Z,74.0,Charge 5
2024-06-08T03:01:28Z,75.0,Charge 5
2024-06-08T03:01:33Z,76.0,Charge 5
2024-06-08T03:01:43Z,77.0,Charge 5
2024-06-08T03:01:48Z,76.0,Charge 5
2024-06-08T03:01:53Z,75.0,Charge 5
2024-06-08T03:01:58Z,73.0,Charge 5
2024-06-08T03:02:08Z,74.0,Charge 5
2024-06-08T03:02:23Z,75.0,Charge 5
2024-06-08T03:02:28Z,74.0,Charge 5
2024-06-08T03:02:33Z,76.0,Charge 5
2024-06-08T03:02:38Z,77.0,Charge 5
2024-06-08T03:02:43Z,78.0,Charge 5
2024-06-08T03:02:48Z,77.0,Charge 5
2024-06-08T03:02:53Z,75.0,Charge 5
2024-06-08T03:02:58Z,73.0,Charge 5
2024-06-08T03:03:03Z,72.0,Charge 5
2024-06-08T03:03:08Z,71.0,Charge 5
2024-06-08T03:03:23Z,72.0,Charge 5
2024-06-08T03:03:28Z,71.0,Charge 5
2024-06-08T03:03:38Z,72.0,Charge 5
2024-06-08T03:03:43Z,74.0,Charge 5
2024-06-08T03:03:48Z,75.0,Charge 5
2024-06-08T03:04:03Z,75.0,Charge 5
2024-06-08T03:04:13Z,74.0,Charge 5
2024-06-08T03:04:23Z,75.0,Charge 5
2024-06-08T03:04:28Z,74.0,Charge 5
2024-06-08T03:04:33Z,75.0,Charge 5
2024-06-08T03:04:38Z,74.0,Charge 5
2024-06-08T03:04:43Z,75.0,Charge 5
2024-06-08T03:04:48Z,74.0,Charge 5
2024-06-08T03:04:58Z,73.0,Charge 5
2024-06-08T03:05:08Z,74.0,Charge 5
2024-06-08T03:05:13Z,75.0,Charge 5
2024-06-08T03:05:18Z,77.0,Charge 5
2024-06-08T03:05:23Z,76.0,Charge 5
2024-06-08T03:05:38Z,76.0,Charge 5
2024-06-08T03:05:53Z,76.0,Charge 5
2024-06-08T03:06:08Z,76.0,Charge 5
2024-06-08T03:06:13Z,75.0,Charge 5
2024-06-08T03:06:18Z,73.0,Charge 5
2024-06-08T03:06:23Z,73.0,Charge 5
2024-06-08T03:06:33Z,74.0,Charge 5
2024-06-08T03:06:43Z,73.0,Charge 5
2024-06-08T03:06:53Z,72.0,Charge 5
2024-06-08T03:07:03Z,73.0,Charge 5
2024-06-08T03:07:08Z,75.0,Charge 5
2024-06-08T03:07:13Z,76.0,Charge 5
2024-06-08T03:07:18Z,77.0,Charge 5
2024-06-08T03:07:23Z,75.0,Charge 5
2024-06-08T03:07:28Z,74.0,Charge 5
2024-06-08T03:07:33Z,75.0,Charge 5
2024-06-08T03:07:43Z,74.0,Charge 5
2024-06-08T03:07:53Z,73.0,Charge 5
2024-06-08T03:08:08Z,73.0,Charge 5
2024-06-08T03:08:18Z,75.0,Charge 5
2024-06-08T03:08:28Z,74.0,Charge 5
2024-06-08T03:08:38Z,75.0,Charge 5
2024-06-08T03:08:48Z,74.0,Charge 5
2024-06-08T03:09:03Z,74.0,Charge 5
2024-06-08T03:09:18Z,74.0,Charge 5
2024-06-08T03:09:23Z,75.0,Charge 5
2024-06-08T03:09:28Z,74.0,Charge 5
2024-06-08T03:09:33Z,73.0,Charge 5
2024-06-08T03:09:38Z,74.0,Charge 5
2024-06-08T03:09:53Z,73.0,Charge 5
2024-06-08T03:10:08Z,74.0,Charge 5
2024-06-08T03:10:12Z,75.0,Charge 5
2024-06-08T03:10:17Z,74.0,Charge 5
2024-06-08T03:10:22Z,75.0,Charge 5
2024-06-08T03:10:37Z,74.0,Charge 5
2024-06-08T03:10:52Z,75.0,Charge 5
2024-06-08T03:10:57Z,74.0,Charge 5
2024-06-08T03:11:07Z,75.0,Charge 5
2024-06-08T03:11:12Z,74.0,Charge 5
2024-06-08T03:11:27Z,76.0,Charge 5
2024-06-08T03:11:32Z,77.0,Charge 5
2024-06-08T03:11:42Z,76.0,Charge 5
2024-06-08T03:11:47Z,74.0,Charge 5
2024-06-08T03:11:52Z,73.0,Charge 5
2024-06-08T03:12:07Z,74.0,Charge 5
2024-06-08T03:12:12Z,75.0,Charge 5
2024-06-08T03:12:17Z,76.0,Charge 5
2024-06-08T03:12:22Z,77.0,Charge 5
2024-06-08T03:12:37Z,76.0,Charge 5
2024-06-08T03:12:42Z,75.0,Charge 5
2024-06-08T03:12:57Z,75.0,Charge 5
2024-06-08T03:13:02Z,74.0,Charge 5
2024-06-08T03:13:07Z,73.0,Charge 5
2024-06-08T03:13:22Z,74.0,Charge 5
2024-06-08T03:13:27Z,75.0,Charge 5
2024-06-08T03:13:42Z,75.0,Charge 5
2024-06-08T03:13:47Z,74.0,Charge 5
2024-06-08T03:14:02Z,74.0,Charge 5
2024-06-08T03:14:07Z,74.0,Charge 5
2024-06-08T03:14:12Z,72.0,Charge 5
2024-06-08T03:14:22Z,73.0,Charge 5
2024-06-08T03:14:27Z,74.0,Charge 5
2024-06-08T03:14:32Z,75.0,Charge 5
2024-06-08T03:14:37Z,76.0,Charge 5
2024-06-08T03:14:42Z,77.0,Charge 5
2024-06-08T03:14:47Z,78.0,Charge 5
2024-06-08T03:14:52Z,77.0,Charge 5
2024-06-08T03:14:57Z,76.0,Charge 5
2024-06-08T03:15:12Z,76.0,Charge 5
2024-06-08T03:15:27Z,75.0,Charge 5
2024-06-08T03:15:32Z,74.0,Charge 5
2024-06-08T03:15:42Z,75.0,Charge 5
2024-06-08T03:15:47Z,77.0,Charge 5
2024-06-08T03:15:52Z,78.0,Charge 5
2024-06-08T03:16:07Z,78.0,Charge 5
2024-06-08T03:16:17Z,77.0,Charge 5
2024-06-08T03:16:22Z,76.0,Charge 5
2024-06-08T03:16:27Z,75.0,Charge 5
2024-06-08T03:16:32Z,74.0,Charge 5
2024-06-08T03:16:37Z,73.0,Charge 5
2024-06-08T03:16:42Z,74.0,Charge 5
2024-06-08T03:16:57Z,74.0,Charge 5
2024-06-08T03:17:07Z,73.0,Charge 5
2024-06-08T03:17:17Z,74.0,Charge 5
2024-06-08T03:17:22Z,75.0,Charge 5
2024-06-08T03:17:27Z,75.0,Charge 5
2024-06-08T03:17:42Z,74.0,Charge 5
2024-06-08T03:17:47Z,73.0,Charge 5
2024-06-08T03:17:57Z,74.0,Charge 5
2024-06-08T03:18:02Z,75.0,Charge 5
2024-06-08T03:18:07Z,76.0,Charge 5
2024-06-08T03:18:22Z,77.0,Charge 5
2024-06-08T03:18:27Z,76.0,Charge 5
2024-06-08T03:18:32Z,75.0,Charge 5
2024-06-08T03:18:42Z,74.0,Charge 5
2024-06-08T03:18:52Z,75.0,Charge 5
2024-06-08T03:18:57Z,76.0,Charge 5
2024-06-08T03:19:02Z,77.0,Charge 5
2024-06-08T03:19:12Z,76.0,Charge 5
2024-06-08T03:19:17Z,77.0,Charge 5
2024-06-08T03:19:27Z,76.0,Charge 5
2024-06-08T03:19:42Z,76.0,Charge 5
2024-06-08T03:19:47Z,77.0,Charge 5
2024-06-08T03:19:52Z,76.0,Charge 5
2024-06-08T03:19:57Z,75.0,Charge 5
2024-06-08T03:20:07Z,76.0,Charge 5
2024-06-08T03:20:12Z,74.0,Charge 5
2024-06-08T03:20:17Z,75.0,Charge 5
2024-06-08T03:20:22Z,76.0,Charge 5
2024-06-08T03:20:27Z,77.0,Charge 5
2024-06-08T03:20:42Z,76.0,Charge 5
2024-06-08T03:20:57Z,75.0,Charge 5
2024-06-08T03:21:02Z,74.0,Charge 5
2024-06-08T03:21:12Z,75.0,Charge 5
2024-06-08T03:21:17Z,76.0,Charge 5
2024-06-08T03:21:27Z,75.0,Charge 5
2024-06-08T03:21:32Z,76.0,Charge 5
2024-06-08T03:21:37Z,78.0,Charge 5
2024-06-08T03:21:47Z,79.0,Charge 5
2024-06-08T03:22:02Z,78.0,Charge 5
2024-06-08T03:22:07Z,77.0,Charge 5
2024-06-08T03:22:22Z,77.0,Charge 5
2024-06-08T03:22:37Z,77.0,Charge 5
2024-06-08T03:22:42Z,77.0,Charge 5
2024-06-08T03:22:52Z,82.0,Charge 5
2024-06-08T03:22:57Z,91.0,Charge 5
2024-06-08T03:23:02Z,92.0,Charge 5
2024-06-08T03:23:07Z,85.0,Charge 5
2024-06-08T03:23:12Z,81.0,Charge 5
2024-06-08T03:23:17Z,80.0,Charge 5
2024-06-08T03:23:22Z,78.0,Charge 5
2024-06-08T03:23:27Z,76.0,Charge 5
2024-06-08T03:23:32Z,75.0,Charge 5
2024-06-08T03:23:37Z,74.0,Charge 5
2024-06-08T03:23:42Z,73.0,Charge 5
2024-06-08T03:23:47Z,74.0,Charge 5
2024-06-08T03:23:52Z,75.0,Charge 5
2024-06-08T03:24:02Z,74.0,Charge 5
2024-06-08T03:24:07Z,74.0,Charge 5
2024-06-08T03:24:12Z,73.0,Charge 5
2024-06-08T03:24:22Z,74.0,Charge 5
2024-06-08T03:24:27Z,75.0,Charge 5
2024-06-08T03:24:32Z,76.0,Charge 5
2024-06-08T03:24:37Z,77.0,Charge 5
2024-06-08T03:24:47Z,78.0,Charge 5
2024-06-08T03:24:52Z,79.0,Charge 5
2024-06-08T03:24:57Z,81.0,Charge 5
2024-06-08T03:25:02Z,87.0,Charge 5
2024-06-08T03:25:07Z,91.0,Charge 5
2024-06-08T03:25:18Z,87.0,Charge 5
2024-06-08T03:25:23Z,84.0,Charge 5
2024-06-08T03:25:28Z,79.0,Charge 5
2024-06-08T03:25:33Z,76.0,Charge 5
2024-06-08T03:25:38Z,75.0,Charge 5
2024-06-08T03:25:53Z,73.0,Charge 5
2024-06-08T03:25:58Z,72.0,Charge 5
2024-06-08T03:26:03Z,70.0,Charge 5
2024-06-08T03:26:13Z,72.0,Charge 5
2024-06-08T03:26:18Z,74.0,Charge 5
2024-06-08T03:26:23Z,75.0,Charge 5
2024-06-08T03:26:28Z,76.0,Charge 5
2024-06-08T03:26:33Z,75.0,Charge 5
2024-06-08T03:26:43Z,76.0,Charge 5
2024-06-08T03:26:48Z,74.0,Charge 5
2024-06-08T03:26:53Z,72.0,Charge 5
2024-06-08T03:27:03Z,74.0,Charge 5
2024-06-08T03:27:08Z,75.0,Charge 5
2024-06-08T03:27:13Z,76.0,Charge 5
2024-06-08T03:27:18Z,75.0,Charge 5
2024-06-08T03:27:33Z,75.0,Charge 5
2024-06-08T03:27:48Z,73.0,Charge 5
2024-06-08T03:27:53Z,72.0,Charge 5
2024-06-08T03:28:08Z,73.0,Charge 5
2024-06-08T03:28:13Z,74.0,Charge 5
2024-06-08T03:28:18Z,75.0,Charge 5
2024-06-08T03:28:23Z,74.0,Charge 5
2024-06-08T03:28:28Z,75.0,Charge 5
2024-06-08T03:28:33Z,74.0,Charge 5
2024-06-08T03:28:38Z,73.0,Charge 5
2024-06-08T03:28:48Z,74.0,Charge 5
2024-06-08T03:28:53Z,75.0,Charge 5
2024-06-08T03:28:58Z,76.0,Charge 5
2024-06-08T03:29:08Z,77.0,Charge 5
2024-06-08T03:29:18Z,76.0,Charge 5
2024-06-08T03:29:23Z,73.0,Charge 5
2024-06-08T03:29:28Z,71.0,Charge 5
2024-06-08T03:29:38Z,72.0,Charge 5
2024-06-08T03:29:43Z,74.0,Charge 5
2024-06-08T03:29:48Z,73.0,Charge 5
2024-06-08T03:29:53Z,72.0,Charge 5
2024-06-08T03:30:03Z,71.0,Charge 5
2024-06-08T03:30:08Z,70.0,Charge 5
2024-06-08T03:30:13Z,71.0,Charge 5
2024-06-08T03:30:18Z,72.0,Charge 5
2024-06-08T03:30:23Z,73.0,Charge 5
2024-06-08T03:30:28Z,74.0,Charge 5
2024-06-08T03:30:38Z,75.0,Charge 5
2024-06-08T03:30:43Z,76.0,Charge 5
2024-06-08T03:30:58Z,76.0,Charge 5
2024-06-08T03:31:13Z,75.0,Charge 5
2024-06-08T03:31:18Z,73.0,Charge 5
2024-06-08T03:31:23Z,72.0,Charge 5
2024-06-08T03:31:28Z,73.0,Charge 5
2024-06-08T03:31:33Z,73.0,Charge 5
2024-06-08T03:31:38Z,74.0,Charge 5
2024-06-08T03:31:43Z,76.0,Charge 5
2024-06-08T03:31:53Z,78.0,Charge 5
2024-06-08T03:31:58Z,85.0,Charge 5
2024-06-08T03:32:03Z,91.0,Charge 5
2024-06-08T03:32:08Z,94.0,Charge 5
2024-06-08T03:32:13Z,92.0,Charge 5
2024-06-08T03:32:18Z,87.0,Charge 5
2024-06-08T03:32:23Z,82.0,Charge 5
2024-06-08T03:32:28Z,80.0,Charge 5
2024-06-08T03:32:33Z,78.0,Charge 5
2024-06-08T03:32:38Z,76.0,Charge 5
2024-06-08T03:32:43Z,74.0,Charge 5
2024-06-08T03:32:53Z,73.0,Charge 5
2024-06-08T03:32:58Z,74.0,Charge 5
2024-06-08T03:33:03Z,75.0,Charge 5
2024-06-08T03:33:08Z,76.0,Charge 5
2024-06-08T03:33:13Z,77.0,Charge 5
2024-06-08T03:33:28Z,77.0,Charge 5
2024-06-08T03:33:38Z,78.0,Charge 5
2024-06-08T03:33:48Z,77.0,Charge 5
2024-06-08T03:33:58Z,75.0,Charge 5
2024-06-08T03:34:03Z,74.0,Charge 5
2024-06-08T03:34:13Z,75.0,Charge 5
2024-06-08T03:34:18Z,76.0,Charge 5
2024-06-08T03:34:28Z,74.0,Charge 5
2024-06-08T03:34:33Z,74.0,Charge 5
2024-06-08T03:34:43Z,75.0,Charge 5
2024-06-08T03:34:48Z,76.0,Charge 5
2024-06-08T03:34:53Z,75.0,Charge 5
2024-06-08T03:34:58Z,74.0,Charge 5
2024-06-08T03:35:08Z,75.0,Charge 5
2024-06-08T03:35:13Z,74.0,Charge 5
2024-06-08T03:35:18Z,72.0,Charge 5
2024-06-08T03:35:23Z,71.0,Charge 5
2024-06-08T03:35:28Z,72.0,Charge 5
2024-06-08T03:35:33Z,73.0,Charge 5
2024-06-08T03:35:38Z,74.0,Charge 5
2024-06-08T03:35:43Z,75.0,Charge 5
2024-06-08T03:35:48Z,76.0,Charge 5
2024-06-08T03:35:58Z,75.0,Charge 5
2024-06-08T03:36:08Z,76.0,Charge 5
2024-06-08T03:36:13Z,77.0,Charge 5
2024-06-08T03:36:18Z,76.0,Charge 5
2024-06-08T03:36:23Z,75.0,Charge 5
2024-06-08T03:36:28Z,74.0,Charge 5
2024-06-08T03:36:33Z,73.0,Charge 5
2024-06-08T03:36:38Z,72.0,Charge 5
2024-06-08T03:36:43Z,71.0,Charge 5
2024-06-08T03:36:53Z,72.0,Charge 5
2024-06-08T03:36:58Z,73.0,Charge 5
2024-06-08T03:37:03Z,74.0,Charge 5
2024-06-08T03:37:08Z,75.0,Charge 5
2024-06-08T03:37:13Z,78.0,Charge 5
2024-06-08T03:37:23Z,77.0,Charge 5
2024-06-08T03:37:28Z,76.0,Charge 5
2024-06-08T03:37:33Z,73.0,Charge 5
2024-06-08T03:37:38Z,72.0,Charge 5
2024-06-08T03:37:48Z,74.0,Charge 5
2024-06-08T03:37:53Z,75.0,Charge 5
2024-06-08T03:37:58Z,76.0,Charge 5
2024-06-08T03:38:08Z,74.0,Charge 5
2024-06-08T03:38:13Z,73.0,Charge 5
2024-06-08T03:38:18Z,72.0,Charge 5
2024-06-08T03:38:33Z,73.0,Charge 5
2024-06-08T03:38:48Z,74.0,Charge 5
2024-06-08T03:38:53Z,75.0,Charge 5
2024-06-08T03:38:58Z,77.0,Charge 5
2024-06-08T03:39:08Z,78.0,Charge 5
2024-06-08T03:39:13Z,79.0,Charge 5
2024-06-08T03:39:18Z,78.0,Charge 5
2024-06-08T03:39:23Z,79.0,Charge 5
2024-06-08T03:39:28Z,78.0,Charge 5
2024-06-08T03:39:43Z,76.0,Charge 5
2024-06-08T03:39:58Z,77.0,Charge 5
2024-06-08T03:40:08Z,78.0,Charge 5
2024-06-08T03:40:13Z,77.0,Charge 5
2024-06-08T03:40:18Z,75.0,Charge 5
2024-06-08T03:40:33Z,77.0,Charge 5
2024-06-08T03:40:38Z,79.0,Charge 5
2024-06-08T03:40:43Z,80.0,Charge 5
2024-06-08T03:40:48Z,79.0,Charge 5
2024-06-08T03:41:03Z,79.0,Charge 5
2024-06-08T03:41:08Z,78.0,Charge 5
2024-06-08T03:41:13Z,77.0,Charge 5
2024-06-08T03:41:23Z,76.0,Charge 5
2024-06-08T03:41:33Z,75.0,Charge 5
2024-06-08T03:41:38Z,74.0,Charge 5
2024-06-08T03:41:53Z,74.0,Charge 5
2024-06-08T03:42:03Z,75.0,Charge 5
2024-06-08T03:42:08Z,76.0,Charge 5
2024-06-08T03:42:13Z,75.0,Charge 5
2024-06-08T03:42:28Z,73.0,Charge 5
2024-06-08T03:42:33Z,72.0,Charge 5
2024-06-08T03:42:43Z,73.0,Charge 5
2024-06-08T03:42:48Z,74.0,Charge 5
2024-06-08T03:42:53Z,75.0,Charge 5
2024-06-08T03:42:58Z,76.0,Charge 5
2024-06-08T03:43:08Z,75.0,Charge 5
2024-06-08T03:43:18Z,76.0,Charge 5
2024-06-08T03:43:28Z,75.0,Charge 5
2024-06-08T03:43:33Z,74.0,Charge 5
2024-06-08T03:43:43Z,75.0,Charge 5
2024-06-08T03:43:48Z,76.0,Charge 5
2024-06-08T03:43:53Z,78.0,Charge 5
2024-06-08T03:44:03Z,80.0,Charge 5
2024-06-08T03:44:08Z,79.0,Charge 5
2024-06-08T03:44:13Z,77.0,Charge 5
2024-06-08T03:44:18Z,74.0,Charge 5
2024-06-08T03:44:23Z,75.0,Charge 5
2024-06-08T03:44:28Z,77.0,Charge 5
2024-06-08T03:44:33Z,78.0,Charge 5
2024-06-08T03:44:38Z,77.0,Charge 5
2024-06-08T03:44:43Z,76.0,Charge 5
2024-06-08T03:44:48Z,76.0,Charge 5
2024-06-08T03:44:58Z,77.0,Charge 5
2024-06-08T03:45:03Z,75.0,Charge 5
2024-06-08T03:45:18Z,76.0,Charge 5
2024-06-08T03:45:23Z,79.0,Charge 5
2024-06-08T03:45:28Z,89.0,Charge 5
2024-06-08T03:45:33Z,93.0,Charge 5
2024-06-08T03:45:38Z,88.0,Charge 5
2024-06-08T03:45:43Z,84.0,Charge 5
2024-06-08T03:45:48Z,77.0,Charge 5
2024-06-08T03:45:53Z,74.0,Charge 5
2024-06-08T03:45:58Z,73.0,Charge 5
2024-06-08T03:46:03Z,72.0,Charge 5
2024-06-08T03:46:13Z,73.0,Charge 5
2024-06-08T03:46:23Z,74.0,Charge 5
2024-06-08T03:46:33Z,75.0,Charge 5
2024-06-08T03:46:38Z,76.0,Charge 5
2024-06-08T03:46:43Z,77.0,Charge 5
2024-06-08T03:46:53Z,78.0,Charge 5
2024-06-08T03:46:58Z,79.0,Charge 5
2024-06-08T03:47:03Z,76.0,Charge 5
2024-06-08T03:47:08Z,74.0,Charge 5
2024-06-08T03:47:13Z,73.0,Charge 5
2024-06-08T03:47:28Z,73.0,Charge 5
2024-06-08T03:47:33Z,74.0,Charge 5
2024-06-08T03:47:48Z,75.0,Charge 5
2024-06-08T03:47:53Z,76.0,Charge 5
2024-06-08T03:47:58Z,77.0,Charge 5
2024-06-08T03:48:03Z,78.0,Charge 5
2024-06-08T03:48:08Z,77.0,Charge 5
2024-06-08T03:48:23Z,76.0,Charge 5
2024-06-08T03:48:38Z,77.0,Charge 5
2024-06-08T03:48:48Z,78.0,Charge 5
2024-06-08T03:48:53Z,77.0,Charge 5
2024-06-08T03:49:03Z,79.0,Charge 5
2024-06-08T03:49:08Z,78.0,Charge 5
2024-06-08T03:49:23Z,80.0,Charge 5
2024-06-08T03:49:28Z,81.0,Charge 5
2024-06-08T03:49:33Z,82.0,Charge 5
2024-06-08T03:49:38Z,82.0,Charge 5
2024-06-08T03:49:43Z,81.0,Charge 5
2024-06-08T03:49:48Z,80.0,Charge 5
2024-06-08T03:49:58Z,79.0,Charge 5
2024-06-08T03:50:03Z,76.0,Charge 5
2024-06-08T03:50:13Z,77.0,Charge 5
2024-06-08T03:50:18Z,77.0,Charge 5
2024-06-08T03:50:23Z,81.0,Charge 5
2024-06-08T03:50:33Z,77.0,Charge 5
2024-06-08T03:50:38Z,76.0,Charge 5
2024-06-08T03:50:48Z,77.0,Charge 5
2024-06-08T03:50:53Z,78.0,Charge 5
2024-06-08T03:51:08Z,78.0,Charge 5
2024-06-08T03:51:13Z,79.0,Charge 5
2024-06-08T03:51:28Z,79.0,Charge 5
2024-06-08T03:51:43Z,79.0,Charge 5
2024-06-08T03:51:48Z,80.0,Charge 5
2024-06-08T03:51:53Z,81.0,Charge 5
2024-06-08T03:52:03Z,80.0,Charge 5
2024-06-08T03:52:18Z,80.0,Charge 5
2024-06-08T03:52:23Z,81.0,Charge 5
2024-06-08T03:52:33Z,82.0,Charge 5
2024-06-08T03:52:48Z,82.0,Charge 5
2024-06-08T03:52:58Z,83.0,Charge 5
2024-06-08T03:53:03Z,82.0,Charge 5
2024-06-08T03:53:08Z,78.0,Charge 5
2024-06-08T03:53:13Z,76.0,Charge 5
2024-06-08T03:53:23Z,78.0,Charge 5
2024-06-08T03:53:28Z,79.0,Charge 5
2024-06-08T03:53:33Z,80.0,Charge 5
2024-06-08T03:53:48Z,79.0,Charge 5
2024-06-08T03:54:03Z,79.0,Charge 5
2024-06-08T03:54:13Z,78.0,Charge 5
2024-06-08T03:54:23Z,79.0,Charge 5
2024-06-08T03:54:28Z,80.0,Charge 5
2024-06-08T03:54:33Z,81.0,Charge 5
2024-06-08T03:54:38Z,82.0,Charge 5
2024-06-08T03:54:53Z,83.0,Charge 5
2024-06-08T03:54:58Z,84.0,Charge 5
2024-06-08T03:55:13Z,84.0,Charge 5
2024-06-08T03:55:27Z,83.0,Charge 5
2024-06-08T03:55:37Z,82.0,Charge 5
2024-06-08T03:55:42Z,81.0,Charge 5
2024-06-08T03:55:57Z,81.0,Charge 5
2024-06-08T03:56:02Z,82.0,Charge 5
2024-06-08T03:56:07Z,83.0,Charge 5
2024-06-08T03:56:17Z,82.0,Charge 5
2024-06-08T03:56:22Z,81.0,Charge 5
2024-06-08T03:56:27Z,80.0,Charge 5
2024-06-08T03:56:32Z,81.0,Charge 5
2024-06-08T03:56:37Z,82.0,Charge 5
2024-06-08T03:56:42Z,83.0,Charge 5
2024-06-08T03:56:47Z,82.0,Charge 5
2024-06-08T03:57:02Z,82.0,Charge 5
2024-06-08T03:57:12Z,81.0,Charge 5
2024-06-08T03:57:27Z,81.0,Charge 5
2024-06-08T03:57:32Z,82.0,Charge 5
2024-06-08T03:57:42Z,83.0,Charge 5
2024-06-08T03:57:47Z,84.0,Charge 5
2024-06-08T03:57:52Z,85.0,Charge 5
2024-06-08T03:58:02Z,86.0,Charge 5
2024-06-08T03:58:07Z,88.0,Charge 5
2024-06-08T03:58:12Z,90.0,Charge 5
2024-06-08T03:58:17Z,88.0,Charge 5
2024-06-08T03:58:22Z,88.0,Charge 5
2024-06-08T03:58:27Z,87.0,Charge 5
2024-06-08T03:58:32Z,84.0,Charge 5
2024-06-08T03:58:37Z,81.0,Charge 5
2024-06-08T03:58:42Z,80.0,Charge 5
2024-06-08T03:58:47Z,80.0,Charge 5
2024-06-08T03:58:52Z,79.0,Charge 5
2024-06-08T03:59:02Z,80.0,Charge 5
2024-06-08T03:59:07Z,78.0,Charge 5
2024-06-08T03:59:12Z,78.0,Charge 5
2024-06-08T03:59:17Z,79.0,Charge 5
2024-06-08T03:59:22Z,80.0,Charge 5
2024-06-08T03:59:37Z,80.0,Charge 5
2024-06-08T03:59:42Z,81.0,Charge 5
2024-06-08T03:59:47Z,81.0,Charge 5
2024-06-08T04:00:02Z,78.0,Charge 5
2024-06-08T04:00:12Z,79.0,Charge 5
2024-06-08T04:00:17Z,78.0,Charge 5
2024-06-08T04:00:22Z,79.0,Charge 5
2024-06-08T04:00:32Z,78.0,Charge 5
2024-06-08T04:00:37Z,76.0,Charge 5
2024-06-08T04:00:47Z,77.0,Charge 5
2024-06-08T04:00:52Z,79.0,Charge 5
2024-06-08T04:00:57Z,80.0,Charge 5
2024-06-08T04:01:02Z,78.0,Charge 5
2024-06-08T04:01:07Z,77.0,Charge 5
2024-06-08T04:01:12Z,78.0,Charge 5
2024-06-08T04:01:17Z,78.0,Charge 5
2024-06-08T04:01:27Z,82.0,Charge 5
2024-06-08T04:01:37Z,79.0,Charge 5
2024-06-08T04:01:42Z,79.0,Charge 5
2024-06-08T04:01:52Z,80.0,Charge 5
2024-06-08T04:02:02Z,81.0,Charge 5
2024-06-08T04:02:17Z,80.0,Charge 5
2024-06-08T04:02:22Z,78.0,Charge 5
2024-06-08T04:02:27Z,75.0,Charge 5
2024-06-08T04:02:32Z,74.0,Charge 5
2024-06-08T04:02:37Z,77.0,Charge 5
2024-06-08T04:02:47Z,76.0,Charge 5
2024-06-08T04:02:52Z,77.0,Charge 5
2024-06-08T04:02:57Z,78.0,Charge 5
2024-06-08T04:03:02Z,77.0,Charge 5
2024-06-08T04:03:07Z,78.0,Charge 5
2024-06-08T04:03:12Z,80.0,Charge 5
2024-06-08T04:03:17Z,81.0,Charge 5
2024-06-08T04:03:27Z,82.0,Charge 5
2024-06-08T04:03:37Z,81.0,Charge 5
2024-06-08T04:03:47Z,82.0,Charge 5
2024-06-08T04:03:52Z,81.0,Charge 5
2024-06-08T04:03:57Z,77.0,Charge 5
2024-06-08T04:04:07Z,78.0,Charge 5
2024-06-08T04:04:17Z,79.0,Charge 5
2024-06-08T04:04:22Z,77.0,Charge 5
2024-06-08T04:04:37Z,77.0,Charge 5
2024-06-08T04:04:42Z,78.0,Charge 5
2024-06-08T04:04:47Z,79.0,Charge 5
2024-06-08T04:04:52Z,78.0,Charge 5
2024-06-08T04:04:57Z,77.0,Charge 5
2024-06-08T04:05:02Z,78.0,Charge 5
2024-06-08T04:05:07Z,79.0,Charge 5
2024-06-08T04:05:12Z,80.0,Charge 5
2024-06-08T04:05:17Z,81.0,Charge 5
2024-06-08T04:05:22Z,77.0,Charge 5
2024-06-08T04:05:32Z,79.0,Charge 5
2024-06-08T04:05:37Z,81.0,Charge 5
2024-06-08T04:05:42Z,82.0,Charge 5
2024-06-08T04:05:52Z,81.0,Charge 5
2024-06-08T04:05:57Z,80.0,Charge 5
2024-06-08T04:06:02Z,78.0,Charge 5
2024-06-08T04:06:12Z,80.0,Charge 5
2024-06-08T04:06:17Z,82.0,Charge 5
2024-06-08T04:06:22Z,80.0,Charge 5
2024-06-08T04:06:27Z,76.0,Charge 5
2024-06-08T04:06:37Z,79.0,Charge 5
2024-06-08T04:06:42Z,80.0,Charge 5
2024-06-08T04:06:57Z,80.0,Charge 5
2024-06-08T04:07:02Z,79.0,Charge 5
2024-06-08T04:07:07Z,80.0,Charge 5
2024-06-08T04:07:12Z,79.0,Charge 5
2024-06-08T04:07:17Z,79.0,Charge 5
2024-06-08T04:07:27Z,80.0,Charge 5
2024-06-08T04:07:32Z,78.0,Charge 5
2024-06-08T04:07:42Z,79.0,Charge 5
2024-06-08T04:07:52Z,80.0,Charge 5
2024-06-08T04:07:57Z,80.0,Charge 5
2024-06-08T04:08:02Z,81.0,Charge 5
2024-06-08T04:08:07Z,82.0,Charge 5
2024-06-08T04:08:12Z,82.0,Charge 5
2024-06-08T04:08:17Z,83.0,Charge 5
2024-06-08T04:08:27Z,82.0,Charge 5
2024-06-08T04:08:37Z,80.0,Charge 5
2024-06-08T04:08:42Z,78.0,Charge 5
2024-06-08T04:08:47Z,77.0,Charge 5
2024-06-08T04:08:57Z,77.0,Charge 5
2024-06-08T04:09:07Z,76.0,Charge 5
2024-06-08T04:09:12Z,76.0,Charge 5
2024-06-08T04:09:17Z,79.0,Charge 5
2024-06-08T04:09:22Z,82.0,Charge 5
2024-06-08T04:09:32Z,81.0,Charge 5
2024-06-08T04:09:42Z,80.0,Charge 5
2024-06-08T04:09:47Z,80.0,Charge 5
2024-06-08T04:09:57Z,81.0,Charge 5
2024-06-08T04:10:07Z,80.0,Charge 5
2024-06-08T04:10:12Z,81.0,Charge 5
2024-06-08T04:10:17Z,83.0,Charge 5
2024-06-08T04:10:27Z,82.0,Charge 5
2024-06-08T04:10:42Z,82.0,Charge 5
2024-06-08T04:10:57Z,83.0,Charge 5
2024-06-08T04:11:07Z,84.0,Charge 5
2024-06-08T04:11:17Z,83.0,Charge 5
2024-06-08T04:11:22Z,82.0,Charge 5
2024-06-08T04:11:27Z,81.0,Charge 5
2024-06-08T04:11:37Z,81.0,Charge 5
2024-06-08T04:11:42Z,82.0,Charge 5
2024-06-08T04:11:52Z,81.0,Charge 5
2024-06-08T04:11:57Z,80.0,Charge 5
2024-06-08T04:12:02Z,80.0,Charge 5
2024-06-08T04:12:07Z,81.0,Charge 5
2024-06-08T04:12:17Z,80.0,Charge 5
2024-06-08T04:12:22Z,81.0,Charge 5
2024-06-08T04:12:27Z,82.0,Charge 5
2024-06-08T04:12:32Z,82.0,Charge 5
2024-06-08T04:12:37Z,81.0,Charge 5
2024-06-08T04:12:42Z,80.0,Charge 5
2024-06-08T04:12:47Z,79.0,Charge 5
2024-06-08T04:12:52Z,78.0,Charge 5
2024-06-08T04:13:02Z,79.0,Charge 5
2024-06-08T04:13:12Z,80.0,Charge 5
2024-06-08T04:13:17Z,79.0,Charge 5
2024-06-08T04:13:27Z,80.0,Charge 5
2024-06-08T04:13:32Z,81.0,Charge 5
2024-06-08T04:13:42Z,80.0,Charge 5
2024-06-08T04:13:47Z,80.0,Charge 5
2024-06-08T04:13:52Z,79.0,Charge 5
2024-06-08T04:14:02Z,79.0,Charge 5
2024-06-08T04:14:07Z,80.0,Charge 5
2024-06-08T04:14:17Z,91.0,Charge 5
2024-06-08T04:14:22Z,99.0,Charge 5
2024-06-08T04:14:32Z,94.0,Charge 5
2024-06-08T04:14:37Z,91.0,Charge 5
2024-06-08T04:14:42Z,91.0,Charge 5
2024-06-08T04:14:47Z,93.0,Charge 5
2024-06-08T04:14:52Z,95.0,Charge 5
2024-06-08T04:14:57Z,92.0,Charge 5
2024-06-08T04:15:02Z,90.0,Charge 5
2024-06-08T04:15:12Z,88.0,Charge 5
2024-06-08T04:15:17Z,86.0,Charge 5
2024-06-08T04:15:22Z,83.0,Charge 5
2024-06-08T04:15:27Z,81.0,Charge 5
2024-06-08T04:15:32Z,78.0,Charge 5
2024-06-08T04:15:37Z,75.0,Charge 5
2024-06-08T04:15:42Z,74.0,Charge 5
2024-06-08T04:15:57Z,74.0,Charge 5
2024-06-08T04:16:12Z,75.0,Charge 5
2024-06-08T04:16:17Z,77.0,Charge 5
2024-06-08T04:16:22Z,78.0,Charge 5
2024-06-08T04:16:27Z,79.0,Charge 5
2024-06-08T04:16:32Z,77.0,Charge 5
2024-06-08T04:16:37Z,76.0,Charge 5
2024-06-08T04:16:42Z,75.0,Charge 5
2024-06-08T04:16:47Z,77.0,Charge 5
2024-06-08T04:16:52Z,79.0,Charge 5
2024-06-08T04:16:57Z,78.0,Charge 5
2024-06-08T04:17:02Z,77.0,Charge 5
2024-06-08T04:17:07Z,77.0,Charge 5
2024-06-08T04:17:22Z,76.0,Charge 5
2024-06-08T04:17:32Z,75.0,Charge 5
2024-06-08T04:17:37Z,74.0,Charge 5
2024-06-08T04:17:42Z,73.0,Charge 5
2024-06-08T04:17:47Z,72.0,Charge 5
2024-06-08T04:17:57Z,73.0,Charge 5
2024-06-08T04:18:02Z,74.0,Charge 5
2024-06-08T04:18:07Z,75.0,Charge 5
2024-06-08T04:18:12Z,77.0,Charge 5
2024-06-08T04:18:17Z,79.0,Charge 5
2024-06-08T04:18:22Z,81.0,Charge 5
2024-06-08T04:18:27Z,82.0,Charge 5
2024-06-08T04:18:32Z,81.0,Charge 5
2024-06-08T04:18:42Z,82.0,Charge 5
2024-06-08T04:18:47Z,80.0,Charge 5
2024-06-08T04:18:52Z,79.0,Charge 5
2024-06-08T04:18:57Z,78.0,Charge 5
2024-06-08T04:19:02Z,77.0,Charge 5
2024-06-08T04:19:07Z,76.0,Charge 5
2024-06-08T04:19:17Z,77.0,Charge 5
2024-06-08T04:19:22Z,79.0,Charge 5
2024-06-08T04:19:37Z,79.0,Charge 5
2024-06-08T04:19:42Z,78.0,Charge 5
2024-06-08T04:19:52Z,77.0,Charge 5
2024-06-08T04:19:57Z,76.0,Charge 5
2024-06-08T04:20:02Z,77.0,Charge 5
2024-06-08T04:20:07Z,78.0,Charge 5
2024-06-08T04:20:12Z,79.0,Charge 5
2024-06-08T04:20:22Z,78.0,Charge 5
2024-06-08T04:20:27Z,76.0,Charge 5
2024-06-08T04:20:32Z,75.0,Charge 5
2024-06-08T04:20:47Z,77.0,Charge 5
2024-06-08T04:20:52Z,76.0,Charge 5
2024-06-08T04:21:07Z,76.0,Charge 5
2024-06-08T04:21:12Z,78.0,Charge 5
2024-06-08T04:21:17Z,80.0,Charge 5
2024-06-08T04:21:32Z,80.0,Charge 5
2024-06-08T04:21:47Z,79.0,Charge 5
2024-06-08T04:21:52Z,78.0,Charge 5
2024-06-08T04:21:57Z,77.0,Charge 5
2024-06-08T04:22:02Z,76.0,Charge 5
2024-06-08T04:22:17Z,75.0,Charge 5
2024-06-08T04:22:27Z,76.0,Charge 5
2024-06-08T04:22:42Z,76.0,Charge 5
2024-06-08T04:22:47Z,77.0,Charge 5
2024-06-08T04:22:52Z,79.0,Charge 5
2024-06-08T04:22:57Z,81.0,Charge 5
2024-06-08T04:23:02Z,82.0,Charge 5
2024-06-08T04:23:07Z,80.0,Charge 5
2024-06-08T04:23:12Z,79.0,Charge 5
2024-06-08T04:23:17Z,78.0,Charge 5
2024-06-08T04:23:22Z,77.0,Charge 5
2024-06-08T04:23:27Z,76.0,Charge 5
2024-06-08T04:23:32Z,77.0,Charge 5
2024-06-08T04:23:37Z,78.0,Charge 5
2024-06-08T04:23:42Z,79.0,Charge 5
2024-06-08T04:23:47Z,81.0,Charge 5
2024-06-08T04:23:52Z,82.0,Charge 5
2024-06-08T04:24:02Z,80.0,Charge 5
2024-06-08T04:24:12Z,81.0,Charge 5
2024-06-08T04:24:22Z,78.0,Charge 5
2024-06-08T04:24:27Z,76.0,Charge 5
2024-06-08T04:24:42Z,78.0,Charge 5
2024-06-08T04:24:47Z,79.0,Charge 5
2024-06-08T04:24:52Z,81.0,Charge 5
2024-06-08T04:24:57Z,82.0,Charge 5
2024-06-08T04:25:07Z,81.0,Charge 5
2024-06-08T04:25:12Z,82.0,Charge 5
2024-06-08T04:25:22Z,81.0,Charge 5
2024-06-08T04:25:32Z,80.0,Charge 5
2024-06-08T04:25:47Z,81.0,Charge 5
2024-06-08T04:25:52Z,82.0,Charge 5
2024-06-08T04:26:02Z,81.0,Charge 5
2024-06-08T04:26:07Z,80.0,Charge 5
2024-06-08T04:26:12Z,78.0,Charge 5
2024-06-08T04:26:22Z,79.0,Charge 5
2024-06-08T04:26:32Z,81.0,Charge 5
2024-06-08T04:26:37Z,82.0,Charge 5
2024-06-08T04:26:52Z,81.0,Charge 5
2024-06-08T04:26:57Z,79.0,Charge 5
2024-06-08T04:27:02Z,79.0,Charge 5
2024-06-08T04:27:07Z,80.0,Charge 5
2024-06-08T04:27:22Z,79.0,Charge 5
2024-06-08T04:27:37Z,80.0,Charge 5
2024-06-08T04:27:42Z,82.0,Charge 5
2024-06-08T04:27:47Z,83.0,Charge 5
2024-06-08T04:27:52Z,84.0,Charge 5
2024-06-08T04:28:02Z,85.0,Charge 5
2024-06-08T04:28:07Z,84.0,Charge 5
2024-06-08T04:28:12Z,83.0,Charge 5
2024-06-08T04:28:22Z,82.0,Charge 5
2024-06-08T04:28:37Z,81.0,Charge 5
2024-06-08T04:28:42Z,80.0,Charge 5
2024-06-08T04:28:47Z,79.0,Charge 5
2024-06-08T04:28:52Z,78.0,Charge 5
2024-06-08T04:28:57Z,81.0,Charge 5
2024-06-08T04:29:02Z,82.0,Charge 5
2024-06-08T04:29:07Z,84.0,Charge 5
2024-06-08T04:29:12Z,85.0,Charge 5
2024-06-08T04:29:17Z,83.0,Charge 5
2024-06-08T04:29:32Z,83.0,Charge 5
2024-06-08T04:29:37Z,81.0,Charge 5
2024-06-08T04:29:42Z,80.0,Charge 5
2024-06-08T04:29:57Z,81.0,Charge 5
2024-06-08T04:30:07Z,82.0,Charge 5
2024-06-08T04:30:17Z,81.0,Charge 5
2024-06-08T04:30:22Z,80.0,Charge 5
2024-06-08T04:30:27Z,80.0,Charge 5
2024-06-08T04:30:42Z,80.0,Charge 5
2024-06-08T04:30:57Z,81.0,Charge 5
2024-06-08T04:31:07Z,82.0,Charge 5
2024-06-08T04:31:12Z,83.0,Charge 5
2024-06-08T04:31:22Z,82.0,Charge 5
2024-06-08T04:31:32Z,83.0,Charge 5
2024-06-08T04:31:37Z,82.0,Charge 5
2024-06-08T04:31:42Z,80.0,Charge 5
2024-06-08T04:31:57Z,81.0,Charge 5
2024-06-08T04:32:07Z,82.0,Charge 5
2024-06-08T04:32:12Z,81.0,Charge 5
2024-06-08T04:32:27Z,82.0,Charge 5
2024-06-08T04:32:32Z,83.0,Charge 5
2024-06-08T04:32:37Z,81.0,Charge 5
2024-06-08T04:32:42Z,78.0,Charge 5
2024-06-08T04:32:52Z,79.0,Charge 5
2024-06-08T04:32:57Z,80.0,Charge 5
2024-06-08T04:33:02Z,81.0,Charge 5
2024-06-08T04:33:17Z,80.0,Charge 5
2024-06-08T04:33:32Z,80.0,Charge 5
2024-06-08T04:33:47Z,81.0,Charge 5
2024-06-08T04:34:02Z,81.0,Charge 5
2024-06-08T04:34:17Z,82.0,Charge 5
2024-06-08T04:34:32Z,81.0,Charge 5
2024-06-08T04:34:37Z,80.0,Charge 5
2024-06-08T04:34:47Z,81.0,Charge 5
2024-06-08T04:34:52Z,89.0,Charge 5
2024-06-08T04:34:57Z,95.0,Charge 5
2024-06-08T04:35:07Z,91.0,Charge 5
2024-06-08T04:35:12Z,86.0,Charge 5
2024-06-08T04:35:17Z,82.0,Charge 5
2024-06-08T04:35:22Z,80.0,Charge 5
2024-06-08T04:35:27Z,79.0,Charge 5
2024-06-08T04:35:37Z,78.0,Charge 5
2024-06-08T04:35:42Z,79.0,Charge 5
2024-06-08T04:35:47Z,80.0,Charge 5
2024-06-08T04:35:52Z,81.0,Charge 5
2024-06-08T04:36:02Z,82.0,Charge 5
2024-06-08T04:36:07Z,80.0,Charge 5
2024-06-08T04:36:12Z,78.0,Charge 5
2024-06-08T04:36:22Z,79.0,Charge 5
2024-06-08T04:36:37Z,79.0,Charge 5
2024-06-08T04:36:42Z,80.0,Charge 5
2024-06-08T04:36:52Z,85.0,Charge 5
2024-06-08T04:36:57Z,93.0,Charge 5
2024-06-08T04:37:02Z,95.0,Charge 5
2024-06-08T04:37:07Z,93.0,Charge 5
2024-06-08T04:37:12Z,89.0,Charge 5
2024-06-08T04:37:17Z,88.0,Charge 5
2024-06-08T04:37:27Z,89.0,Charge 5
2024-06-08T04:37:37Z,86.0,Charge 5
2024-06-08T04:37:42Z,81.0,Charge 5
2024-06-08T04:37:47Z,78.0,Charge 5
2024-06-08T04:37:52Z,77.0,Charge 5
2024-06-08T04:37:57Z,76.0,Charge 5
2024-06-08T04:38:07Z,77.0,Charge 5
2024-06-08T04:38:12Z,78.0,Charge 5
2024-06-08T04:38:27Z,78.0,Charge 5
2024-06-08T04:38:32Z,79.0,Charge 5
2024-06-08T04:38:37Z,80.0,Charge 5
2024-06-08T04:38:42Z,79.0,Charge 5
2024-06-08T04:38:57Z,80.0,Charge 5
2024-06-08T04:39:02Z,79.0,Charge 5
2024-06-08T04:39:07Z,81.0,Charge 5
2024-06-08T04:39:12Z,83.0,Charge 5
2024-06-08T04:39:17Z,84.0,Charge 5
2024-06-08T04:39:22Z,85.0,Charge 5
2024-06-08T04:39:27Z,84.0,Charge 5
2024-06-08T04:39:32Z,82.0,Charge 5
2024-06-08T04:39:42Z,81.0,Charge 5
2024-06-08T04:39:47Z,78.0,Charge 5
2024-06-08T04:39:57Z,77.0,Charge 5
2024-06-08T04:40:12Z,78.0,Charge 5
2024-06-08T04:40:17Z,79.0,Charge 5
2024-06-08T04:40:27Z,80.0,Charge 5
2024-06-08T04:40:32Z,81.0,Charge 5
2024-06-08T04:40:37Z,83.0,Charge 5
2024-06-08T04:40:42Z,82.0,Charge 5
2024-06-08T04:40:47Z,81.0,Charge 5
2024-06-08T04:40:52Z,81.0,Charge 5
2024-06-08T04:40:57Z,82.0,Charge 5
2024-06-08T04:41:02Z,84.0,Charge 5
2024-06-08T04:41:12Z,83.0,Charge 5
2024-06-08T04:41:22Z,83.0,Charge 5
2024-06-08T04:41:27Z,82.0,Charge 5
2024-06-08T04:41:32Z,79.0,Charge 5
2024-06-08T04:41:42Z,79.0,Charge 5
2024-06-08T04:41:47Z,78.0,Charge 5
2024-06-08T04:41:52Z,77.0,Charge 5
2024-06-08T04:41:57Z,77.0,Charge 5
2024-06-08T04:42:02Z,79.0,Charge 5
2024-06-08T04:42:07Z,81.0,Charge 5
2024-06-08T04:42:12Z,81.0,Charge 5
2024-06-08T04:42:17Z,81.0,Charge 5
2024-06-08T04:42:32Z,81.0,Charge 5
2024-06-08T04:42:42Z,82.0,Charge 5
2024-06-08T04:42:52Z,83.0,Charge 5
2024-06-08T04:42:57Z,82.0,Charge 5
2024-06-08T04:43:02Z,80.0,Charge 5
2024-06-08T04:43:07Z,79.0,Charge 5
2024-06-08T04:43:12Z,78.0,Charge 5
2024-06-08T04:43:17Z,77.0,Charge 5
2024-06-08T04:43:27Z,76.0,Charge 5
2024-06-08T04:43:42Z,77.0,Charge 5
2024-06-08T04:43:47Z,79.0,Charge 5
2024-06-08T04:43:57Z,80.0,Charge 5
2024-06-08T04:44:02Z,80.0,Charge 5
2024-06-08T04:44:07Z,81.0,Charge 5
2024-06-08T04:44:12Z,80.0,Charge 5
2024-06-08T04:44:17Z,79.0,Charge 5
2024-06-08T04:44:27Z,80.0,Charge 5
2024-06-08T04:44:32Z,81.0,Charge 5
2024-06-08T04:44:37Z,83.0,Charge 5
2024-06-08T04:44:47Z,82.0,Charge 5
2024-06-08T04:45:02Z,81.0,Charge 5
2024-06-08T04:45:12Z,79.0,Charge 5
2024-06-08T04:45:17Z,75.0,Charge 5
2024-06-08T04:45:22Z,75.0,Charge 5
2024-06-08T04:45:27Z,76.0,Charge 5
2024-06-08T04:45:32Z,77.0,Charge 5
2024-06-08T04:45:47Z,77.0,Charge 5
2024-06-08T04:45:57Z,78.0,Charge 5
2024-06-08T04:46:02Z,79.0,Charge 5
2024-06-08T04:46:12Z,80.0,Charge 5
2024-06-08T04:46:17Z,81.0,Charge 5
2024-06-08T04:46:22Z,80.0,Charge 5
2024-06-08T04:46:27Z,78.0,Charge 5
2024-06-08T04:46:32Z,78.0,Charge 5
2024-06-08T04:46:42Z,79.0,Charge 5
2024-06-08T04:46:47Z,81.0,Charge 5
2024-06-08T04:46:52Z,81.0,Charge 5
2024-06-08T04:47:07Z,81.0,Charge 5
2024-06-08T04:47:12Z,81.0,Charge 5
2024-06-08T04:47:17Z,82.0,Charge 5
2024-06-08T04:47:32Z,83.0,Charge 5
2024-06-08T04:47:37Z,84.0,Charge 5
2024-06-08T04:47:42Z,86.0,Charge 5
2024-06-08T04:47:52Z,83.0,Charge 5
2024-06-08T04:47:57Z,81.0,Charge 5
2024-06-08T04:48:02Z,81.0,Charge 5
2024-06-08T04:48:07Z,80.0,Charge 5
2024-06-08T04:48:22Z,82.0,Charge 5
2024-06-08T04:48:27Z,81.0,Charge 5
2024-06-08T04:48:37Z,81.0,Charge 5
2024-06-08T04:48:42Z,82.0,Charge 5
2024-06-08T04:48:57Z,82.0,Charge 5
2024-06-08T04:49:07Z,81.0,Charge 5
2024-06-08T04:49:12Z,80.0,Charge 5
2024-06-08T04:49:22Z,81.0,Charge 5
2024-06-08T04:49:27Z,78.0,Charge 5
2024-06-08T04:49:32Z,77.0,Charge 5
2024-06-08T04:49:37Z,76.0,Charge 5
2024-06-08T04:49:42Z,80.0,Charge 5
2024-06-08T04:49:57Z,80.0,Charge 5
2024-06-08T04:50:02Z,79.0,Charge 5
2024-06-08T04:50:07Z,78.0,Charge 5
2024-06-08T04:50:12Z,77.0,Charge 5
2024-06-08T04:50:17Z,77.0,Charge 5
2024-06-08T04:50:22Z,78.0,Charge 5
2024-06-08T04:50:27Z,82.0,Charge 5
2024-06-08T04:50:32Z,92.0,Charge 5
2024-06-08T04:50:37Z,97.0,Charge 5
2024-06-08T04:50:42Z,98.0,Charge 5
2024-06-08T04:50:52Z,97.0,Charge 5
2024-06-08T04:50:57Z,94.0,Charge 5
2024-06-08T04:51:02Z,90.0,Charge 5
2024-06-08T04:51:07Z,85.0,Charge 5
2024-06-08T04:51:12Z,82.0,Charge 5
2024-06-08T04:51:17Z,80.0,Charge 5
2024-06-08T04:51:22Z,79.0,Charge 5
2024-06-08T04:51:27Z,78.0,Charge 5
2024-06-08T04:51:37Z,80.0,Charge 5
2024-06-08T04:51:47Z,78.0,Charge 5
2024-06-08T04:51:57Z,79.0,Charge 5
2024-06-08T04:52:02Z,80.0,Charge 5
2024-06-08T04:52:17Z,80.0,Charge 5
2024-06-08T04:52:22Z,81.0,Charge 5
2024-06-08T04:52:27Z,82.0,Charge 5
2024-06-08T04:52:37Z,81.0,Charge 5
2024-06-08T04:52:52Z,80.0,Charge 5
2024-06-08T04:52:57Z,79.0,Charge 5
2024-06-08T04:53:07Z,80.0,Charge 5
2024-06-08T04:53:12Z,81.0,Charge 5
2024-06-08T04:53:27Z,80.0,Charge 5
2024-06-08T04:53:42Z,81.0,Charge 5
2024-06-08T04:53:47Z,80.0,Charge 5
2024-06-08T04:54:02Z,79.0,Charge 5
2024-06-08T04:54:07Z,79.0,Charge 5
2024-06-08T04:54:22Z,80.0,Charge 5
2024-06-08T04:54:27Z,81.0,Charge 5
2024-06-08T04:54:32Z,82.0,Charge 5
2024-06-08T04:54:37Z,81.0,Charge 5
2024-06-08T04:54:47Z,80.0,Charge 5
2024-06-08T04:54:52Z,78.0,Charge 5
2024-06-08T04:54:57Z,76.0,Charge 5
2024-06-08T04:55:07Z,77.0,Charge 5
2024-06-08T04:55:17Z,79.0,Charge 5
2024-06-08T04:55:22Z,82.0,Charge 5
2024-06-08T04:55:32Z,81.0,Charge 5
2024-06-08T04:55:37Z,80.0,Charge 5
2024-06-08T04:55:42Z,78.0,Charge 5
2024-06-08T04:55:57Z,78.0,Charge 5
2024-06-08T04:56:02Z,77.0,Charge 5
2024-06-08T04:56:17Z,77.0,Charge 5
2024-06-08T04:56:27Z,76.0,Charge 5
2024-06-08T04:56:32Z,77.0,Charge 5
2024-06-08T04:56:37Z,78.0,Charge 5
2024-06-08T04:56:47Z,80.0,Charge 5
2024-06-08T04:56:52Z,82.0,Charge 5
2024-06-08T04:56:57Z,83.0,Charge 5
2024-06-08T04:57:07Z,81.0,Charge 5
2024-06-08T04:57:12Z,79.0,Charge 5
2024-06-08T04:57:27Z,80.0,Charge 5
2024-06-08T04:57:32Z,82.0,Charge 5
2024-06-08T04:57:37Z,83.0,Charge 5
2024-06-08T04:57:47Z,82.0,Charge 5
2024-06-08T04:57:52Z,81.0,Charge 5
2024-06-08T04:57:57Z,79.0,Charge 5
2024-06-08T04:58:02Z,77.0,Charge 5
2024-06-08T04:58:17Z,79.0,Charge 5
2024-06-08T04:58:22Z,81.0,Charge 5
2024-06-08T04:58:27Z,82.0,Charge 5
2024-06-08T04:58:32Z,83.0,Charge 5
2024-06-08T04:58:42Z,82.0,Charge 5
2024-06-08T04:58:47Z,81.0,Charge 5
2024-06-08T04:58:52Z,79.0,Charge 5
2024-06-08T04:59:02Z,80.0,Charge 5
2024-06-08T04:59:12Z,76.0,Charge 5
2024-06-08T04:59:17Z,74.0,Charge 5
2024-06-08T04:59:22Z,76.0,Charge 5
2024-06-08T04:59:27Z,80.0,Charge 5
2024-06-08T04:59:32Z,82.0,Charge 5
2024-06-08T04:59:37Z,84.0,Charge 5
2024-06-08T04:59:42Z,85.0,Charge 5
2024-06-08T04:59:47Z,84.0,Charge 5
2024-06-08T04:59:52Z,82.0,Charge 5
2024-06-08T04:59:57Z,81.0,Charge 5
2024-06-08T05:00:02Z,82.0,Charge 5
2024-06-08T05:00:07Z,83.0,Charge 5
2024-06-08T05:00:17Z,82.0,Charge 5
2024-06-08T05:00:27Z,81.0,Charge 5
2024-06-08T05:00:32Z,82.0,Charge 5
2024-06-08T05:00:37Z,81.0,Charge 5
2024-06-08T05:00:42Z,76.0,Charge 5
2024-06-08T05:00:47Z,75.0,Charge 5
2024-06-08T05:00:57Z,77.0,Charge 5
2024-06-08T05:01:02Z,79.0,Charge 5
2024-06-08T05:01:07Z,81.0,Charge 5
2024-06-08T05:01:12Z,80.0,Charge 5
2024-06-08T05:01:27Z,81.0,Charge 5
2024-06-08T05:01:32Z,80.0,Charge 5
2024-06-08T05:01:47Z,79.0,Charge 5
2024-06-08T05:01:52Z,78.0,Charge 5
2024-06-08T05:01:57Z,77.0,Charge 5
2024-06-08T05:02:02Z,78.0,Charge 5
2024-06-08T05:02:07Z,79.0,Charge 5
2024-06-08T05:02:12Z,81.0,Charge 5
2024-06-08T05:02:17Z,80.0,Charge 5
2024-06-08T05:02:22Z,79.0,Charge 5
2024-06-08T05:02:32Z,80.0,Charge 5
2024-06-08T05:02:42Z,82.0,Charge 5
2024-06-08T05:02:47Z,82.0,Charge 5
2024-06-08T05:02:52Z,81.0,Charge 5
2024-06-08T05:03:02Z,82.0,Charge 5
2024-06-08T05:03:12Z,83.0,Charge 5
2024-06-08T05:03:22Z,82.0,Charge 5
2024-06-08T05:03:32Z,84.0,Charge 5
2024-06-08T05:03:37Z,82.0,Charge 5
2024-06-08T05:03:42Z,81.0,Charge 5
2024-06-08T05:03:47Z,80.0,Charge 5
2024-06-08T05:04:02Z,81.0,Charge 5
2024-06-08T05:04:07Z,82.0,Charge 5
2024-06-08T05:04:22Z,83.0,Charge 5
2024-06-08T05:04:32Z,84.0,Charge 5
2024-06-08T05:04:37Z,83.0,Charge 5
2024-06-08T05:04:52Z,83.0,Charge 5
2024-06-08T05:04:57Z,82.0,Charge 5
2024-06-08T05:05:02Z,83.0,Charge 5
2024-06-08T05:05:07Z,82.0,Charge 5
2024-06-08T05:05:12Z,81.0,Charge 5
2024-06-08T05:05:22Z,80.0,Charge 5
2024-06-08T05:05:27Z,80.0,Charge 5
2024-06-08T05:05:32Z,81.0,Charge 5
2024-06-08T05:05:37Z,83.0,Charge 5
2024-06-08T05:05:52Z,83.0,Charge 5
2024-06-08T05:05:57Z,81.0,Charge 5
2024-06-08T05:06:02Z,80.0,Charge 5
2024-06-08T05:06:07Z,79.0,Charge 5
2024-06-08T05:06:12Z,79.0,Charge 5
2024-06-08T05:06:17Z,80.0,Charge 5
2024-06-08T05:06:27Z,81.0,Charge 5
2024-06-08T05:06:37Z,82.0,Charge 5
2024-06-08T05:06:47Z,80.0,Charge 5
2024-06-08T05:06:52Z,79.0,Charge 5
2024-06-08T05:07:02Z,80.0,Charge 5
2024-06-08T05:07:07Z,81.0,Charge 5
2024-06-08T05:07:12Z,82.0,Charge 5
2024-06-08T05:07:17Z,83.0,Charge 5
2024-06-08T05:07:22Z,84.0,Charge 5
2024-06-08T05:07:27Z,94.0,Charge 5
2024-06-08T05:07:32Z,100.0,Charge 5
2024-06-08T05:07:37Z,99.0,Charge 5
2024-06-08T05:07:42Z,82.0,Charge 5
2024-06-08T05:07:47Z,77.0,Charge 5
2024-06-08T05:07:57Z,75.0,Charge 5
2024-06-08T05:08:12Z,76.0,Charge 5
2024-06-08T05:08:22Z,77.0,Charge 5
2024-06-08T05:08:27Z,78.0,Charge 5
2024-06-08T05:08:32Z,79.0,Charge 5
2024-06-08T05:08:37Z,81.0,Charge 5
2024-06-08T05:08:52Z,79.0,Charge 5
2024-06-08T05:09:07Z,79.0,Charge 5
2024-06-08T05:09:12Z,78.0,Charge 5
2024-06-08T05:09:17Z,77.0,Charge 5
2024-06-08T05:09:22Z,78.0,Charge 5
2024-06-08T05:09:37Z,78.0,Charge 5
2024-06-08T05:09:47Z,79.0,Charge 5
2024-06-08T05:09:52Z,80.0,Charge 5
2024-06-08T05:09:57Z,81.0,Charge 5
2024-06-08T05:10:02Z,81.0,Charge 5
2024-06-08T05:10:07Z,83.0,Charge 5
2024-06-08T05:10:12Z,82.0,Charge 5
2024-06-08T05:10:17Z,79.0,Charge 5
2024-06-08T05:10:22Z,78.0,Charge 5
2024-06-08T05:10:27Z,77.0,Charge 5
2024-06-08T05:10:32Z,78.0,Charge 5
2024-06-08T05:10:37Z,79.0,Charge 5
2024-06-08T05:10:52Z,79.0,Charge 5
2024-06-08T05:11:02Z,80.0,Charge 5
2024-06-08T05:11:07Z,81.0,Charge 5
2024-06-08T05:11:12Z,82.0,Charge 5
2024-06-08T05:11:27Z,82.0,Charge 5
2024-06-08T05:11:32Z,81.0,Charge 5
2024-06-08T05:11:42Z,80.0,Charge 5
2024-06-08T05:11:57Z,79.0,Charge 5
2024-06-08T05:12:12Z,79.0,Charge 5
2024-06-08T05:12:17Z,80.0,Charge 5
2024-06-08T05:12:32Z,79.0,Charge 5
2024-06-08T05:12:37Z,78.0,Charge 5
2024-06-08T05:12:52Z,79.0,Charge 5
2024-06-08T05:12:57Z,81.0,Charge 5
2024-06-08T05:13:02Z,82.0,Charge 5
2024-06-08T05:13:07Z,81.0,Charge 5
2024-06-08T05:13:12Z,80.0,Charge 5
2024-06-08T05:13:22Z,81.0,Charge 5
2024-06-08T05:13:32Z,79.0,Charge 5
2024-06-08T05:13:37Z,79.0,Charge 5
2024-06-08T05:13:52Z,79.0,Charge 5
2024-06-08T05:13:57Z,80.0,Charge 5
2024-06-08T05:14:02Z,79.0,Charge 5
2024-06-08T05:14:07Z,78.0,Charge 5
2024-06-08T05:14:17Z,77.0,Charge 5
2024-06-08T05:14:32Z,78.0,Charge 5
2024-06-08T05:14:37Z,79.0,Charge 5
2024-06-08T05:14:42Z,78.0,Charge 5
2024-06-08T05:14:52Z,79.0,Charge 5
2024-06-08T05:14:57Z,80.0,Charge 5
2024-06-08T05:15:02Z,81.0,Charge 5
2024-06-08T05:15:07Z,82.0,Charge 5
2024-06-08T05:15:17Z,80.0,Charge 5
2024-06-08T05:15:27Z,79.0,Charge 5
2024-06-08T05:15:32Z,77.0,Charge 5
2024-06-08T05:15:42Z,78.0,Charge 5
2024-06-08T05:15:57Z,78.0,Charge 5
2024-06-08T05:16:02Z,77.0,Charge 5
2024-06-08T05:16:12Z,76.0,Charge 5
2024-06-08T05:16:22Z,77.0,Charge 5
2024-06-08T05:16:27Z,78.0,Charge 5
2024-06-08T05:16:32Z,79.0,Charge 5
2024-06-08T05:16:47Z,79.0,Charge 5
2024-06-08T05:16:57Z,78.0,Charge 5
2024-06-08T05:17:12Z,79.0,Charge 5
2024-06-08T05:17:17Z,80.0,Charge 5
2024-06-08T05:17:22Z,81.0,Charge 5
2024-06-08T05:17:27Z,82.0,Charge 5
2024-06-08T05:17:32Z,81.0,Charge 5
2024-06-08T05:17:37Z,80.0,Charge 5
2024-06-08T05:17:47Z,81.0,Charge 5
2024-06-08T05:18:02Z,80.0,Charge 5
2024-06-08T05:18:17Z,81.0,Charge 5
2024-06-08T05:18:27Z,82.0,Charge 5
2024-06-08T05:18:42Z,82.0,Charge 5
2024-06-08T05:18:47Z,80.0,Charge 5
2024-06-08T05:19:02Z,80.0,Charge 5
2024-06-08T05:19:07Z,81.0,Charge 5
2024-06-08T05:19:22Z,79.0,Charge 5
2024-06-08T05:19:27Z,78.0,Charge 5
2024-06-08T05:19:37Z,77.0,Charge 5
2024-06-08T05:19:52Z,76.0,Charge 5
2024-06-08T05:19:57Z,77.0,Charge 5
2024-06-08T05:20:07Z,78.0,Charge 5
2024-06-08T05:20:12Z,77.0,Charge 5
2024-06-08T05:20:17Z,78.0,Charge 5
2024-06-08T05:20:22Z,79.0,Charge 5
2024-06-08T05:20:27Z,80.0,Charge 5
2024-06-08T05:20:32Z,81.0,Charge 5
2024-06-08T05:20:42Z,80.0,Charge 5
2024-06-08T05:20:47Z,81.0,Charge 5
2024-06-08T05:21:02Z,80.0,Charge 5
2024-06-08T05:21:07Z,78.0,Charge 5
2024-06-08T05:21:12Z,78.0,Charge 5
2024-06-08T05:21:17Z,80.0,Charge 5
2024-06-08T05:21:27Z,78.0,Charge 5
2024-06-08T05:21:37Z,79.0,Charge 5
2024-06-08T05:21:52Z,78.0,Charge 5
2024-06-08T05:22:02Z,80.0,Charge 5
2024-06-08T05:22:07Z,81.0,Charge 5
2024-06-08T05:22:17Z,83.0,Charge 5
2024-06-08T05:22:32Z,83.0,Charge 5
2024-06-08T05:22:47Z,84.0,Charge 5
2024-06-08T05:22:52Z,83.0,Charge 5
2024-06-08T05:22:57Z,82.0,Charge 5
2024-06-08T05:23:02Z,83.0,Charge 5
2024-06-08T05:23:12Z,91.0,Charge 5
2024-06-08T05:23:17Z,96.0,Charge 5
2024-06-08T05:23:22Z,97.0,Charge 5
2024-06-08T05:23:27Z,91.0,Charge 5
2024-06-08T05:23:32Z,84.0,Charge 5
2024-06-08T05:23:37Z,81.0,Charge 5
2024-06-08T05:23:42Z,79.0,Charge 5
2024-06-08T05:23:47Z,77.0,Charge 5
2024-06-08T05:23:57Z,78.0,Charge 5
2024-06-08T05:24:02Z,79.0,Charge 5
2024-06-08T05:24:07Z,80.0,Charge 5
2024-06-08T05:24:12Z,82.0,Charge 5
2024-06-08T05:24:17Z,83.0,Charge 5
2024-06-08T05:24:22Z,84.0,Charge 5
2024-06-08T05:24:27Z,85.0,Charge 5
2024-06-08T05:24:32Z,86.0,Charge 5
2024-06-08T05:24:47Z,84.0,Charge 5
2024-06-08T05:24:52Z,83.0,Charge 5
2024-06-08T05:24:57Z,82.0,Charge 5
2024-06-08T05:25:12Z,81.0,Charge 5
2024-06-08T05:25:27Z,81.0,Charge 5
2024-06-08T05:25:32Z,80.0,Charge 5
2024-06-08T05:25:37Z,79.0,Charge 5
2024-06-08T05:25:42Z,80.0,Charge 5
2024-06-08T05:25:47Z,81.0,Charge 5
2024-06-08T05:25:52Z,82.0,Charge 5
2024-06-08T05:25:57Z,83.0,Charge 5
2024-06-08T05:26:02Z,82.0,Charge 5
2024-06-08T05:26:07Z,83.0,Charge 5
2024-06-08T05:26:12Z,84.0,Charge 5
2024-06-08T05:26:27Z,85.0,Charge 5
2024-06-08T05:26:37Z,86.0,Charge 5
2024-06-08T05:26:42Z,85.0,Charge 5
2024-06-08T05:26:47Z,84.0,Charge 5
2024-06-08T05:26:52Z,83.0,Charge 5
2024-06-08T05:27:07Z,82.0,Charge 5
2024-06-08T05:27:22Z,83.0,Charge 5
2024-06-08T05:27:27Z,84.0,Charge 5
2024-06-08T05:27:32Z,83.0,Charge 5
2024-06-08T05:27:42Z,84.0,Charge 5
2024-06-08T05:27:47Z,85.0,Charge 5
2024-06-08T05:27:57Z,86.0,Charge 5
2024-06-08T05:28:07Z,88.0,Charge 5
2024-06-08T05:28:12Z,89.0,Charge 5
2024-06-08T05:28:17Z,90.0,Charge 5
2024-06-08T05:28:22Z,89.0,Charge 5
2024-06-08T05:28:27Z,86.0,Charge 5
2024-06-08T05:28:37Z,87.0,Charge 5
2024-06-08T05:28:42Z,85.0,Charge 5
2024-06-08T05:28:57Z,85.0,Charge 5
2024-06-08T05:29:07Z,84.0,Charge 5
2024-06-08T05:29:12Z,83.0,Charge 5
2024-06-08T05:29:27Z,83.0,Charge 5
2024-06-08T05:29:42Z,83.0,Charge 5
2024-06-08T05:29:47Z,85.0,Charge 5
2024-06-08T05:30:02Z,85.0,Charge 5
2024-06-08T05:30:17Z,84.0,Charge 5
2024-06-08T05:30:32Z,84.0,Charge 5
2024-06-08T05:30:37Z,85.0,Charge 5
2024-06-08T05:30:52Z,85.0,Charge 5
2024-06-08T05:31:02Z,86.0,Charge 5
2024-06-08T05:31:17Z,86.0,Charge 5
2024-06-08T05:31:32Z,86.0,Charge 5
2024-06-08T05:31:42Z,87.0,Charge 5
2024-06-08T05:31:47Z,88.0,Charge 5
2024-06-08T05:31:52Z,88.0,Charge 5
2024-06-08T05:31:57Z,86.0,Charge 5
2024-06-08T05:32:02Z,86.0,Charge 5
2024-06-08T05:32:07Z,88.0,Charge 5
2024-06-08T05:32:12Z,90.0,Charge 5
2024-06-08T05:32:22Z,89.0,Charge 5
2024-06-08T05:32:27Z,88.0,Charge 5
2024-06-08T05:32:37Z,87.0,Charge 5
2024-06-08T05:32:42Z,86.0,Charge 5
2024-06-08T05:32:52Z,87.0,Charge 5
2024-06-08T05:33:02Z,88.0,Charge 5
2024-06-08T05:33:17Z,88.0,Charge 5
2024-06-08T05:33:22Z,87.0,Charge 5
2024-06-08T05:33:32Z,86.0,Charge 5
2024-06-08T05:33:37Z,87.0,Charge 5
2024-06-08T05:33:42Z,86.0,Charge 5
2024-06-08T05:33:57Z,86.0,Charge 5
2024-06-08T05:34:02Z,85.0,Charge 5
2024-06-08T05:34:17Z,84.0,Charge 5
2024-06-08T05:34:32Z,84.0,Charge 5
2024-06-08T05:34:37Z,86.0,Charge 5
2024-06-08T05:34:47Z,88.0,Charge 5
2024-06-08T05:34:52Z,89.0,Charge 5
2024-06-08T05:34:57Z,91.0,Charge 5
2024-06-08T05:35:02Z,91.0,Charge 5
2024-06-08T05:35:17Z,95.0,Charge 5
2024-06-08T05:35:22Z,98.0,Charge 5
2024-06-08T05:35:27Z,98.0,Charge 5
2024-06-08T05:35:32Z,94.0,Charge 5
2024-06-08T05:35:37Z,89.0,Charge 5
2024-06-08T05:35:42Z,86.0,Charge 5
2024-06-08T05:35:47Z,85.0,Charge 5
2024-06-08T05:36:02Z,84.0,Charge 5
2024-06-08T05:36:17Z,84.0,Charge 5
2024-06-08T05:36:22Z,82.0,Charge 5
2024-06-08T05:36:32Z,83.0,Charge 5
2024-06-08T05:36:37Z,84.0,Charge 5
2024-06-08T05:36:52Z,84.0,Charge 5
2024-06-08T05:37:07Z,83.0,Charge 5
2024-06-08T05:37:12Z,84.0,Charge 5
2024-06-08T05:37:17Z,85.0,Charge 5
2024-06-08T05:37:22Z,83.0,Charge 5
2024-06-08T05:37:27Z,81.0,Charge 5
2024-06-08T05:37:32Z,80.0,Charge 5
2024-06-08T05:37:37Z,81.0,Charge 5
2024-06-08T05:37:47Z,80.0,Charge 5
2024-06-08T05:38:02Z,80.0,Charge 5
2024-06-08T05:38:07Z,81.0,Charge 5
2024-06-08T05:38:12Z,82.0,Charge 5
2024-06-08T05:38:27Z,82.0,Charge 5
2024-06-08T05:38:37Z,81.0,Charge 5
2024-06-08T05:38:42Z,80.0,Charge 5
2024-06-08T05:38:57Z,80.0,Charge 5
2024-06-08T05:39:02Z,82.0,Charge 5
2024-06-08T05:39:07Z,83.0,Charge 5
2024-06-08T05:39:17Z,82.0,Charge 5
2024-06-08T05:39:22Z,83.0,Charge 5
2024-06-08T05:39:27Z,77.0,Charge 5
2024-06-08T05:39:32Z,76.0,Charge 5
2024-06-08T05:39:37Z,77.0,Charge 5
2024-06-08T05:39:42Z,78.0,Charge 5
2024-06-08T05:39:57Z,78.0,Charge 5
2024-06-08T05:40:02Z,79.0,Charge 5
2024-06-08T05:40:12Z,76.0,Charge 5
2024-06-08T05:40:22Z,77.0,Charge 5
2024-06-08T05:40:27Z,79.0,Charge 5
2024-06-08T05:40:37Z,80.0,Charge 5
2024-06-08T05:40:42Z,82.0,Charge 5
2024-06-08T05:40:47Z,81.0,Charge 5
2024-06-08T05:41:02Z,80.0,Charge 5
2024-06-08T05:41:12Z,79.0,Charge 5
2024-06-08T05:41:22Z,80.0,Charge 5
2024-06-08T05:41:37Z,81.0,Charge 5
2024-06-08T05:41:42Z,85.0,Charge 5
2024-06-08T05:41:47Z,86.0,Charge 5
2024-06-08T05:41:52Z,85.0,Charge 5
2024-06-08T05:41:57Z,84.0,Charge 5
2024-06-08T05:42:12Z,84.0,Charge 5
2024-06-08T05:42:17Z,83.0,Charge 5
2024-06-08T05:42:22Z,82.0,Charge 5
2024-06-08T05:42:32Z,83.0,Charge 5
2024-06-08T05:42:37Z,82.0,Charge 5
2024-06-08T05:42:42Z,81.0,Charge 5
2024-06-08T05:42:47Z,80.0,Charge 5
2024-06-08T05:42:57Z,81.0,Charge 5
2024-06-08T05:43:02Z,82.0,Charge 5
2024-06-08T05:43:12Z,89.0,Charge 5
2024-06-08T05:43:17Z,98.0,Charge 5
2024-06-08T05:43:22Z,96.0,Charge 5
2024-06-08T05:43:27Z,92.0,Charge 5
2024-06-08T05:43:32Z,90.0,Charge 5
2024-06-08T05:43:37Z,88.0,Charge 5
2024-06-08T05:43:42Z,86.0,Charge 5
2024-06-08T05:43:47Z,83.0,Charge 5
2024-06-08T05:43:52Z,81.0,Charge 5
2024-06-08T05:43:57Z,80.0,Charge 5
2024-06-08T05:44:02Z,78.0,Charge 5
2024-06-08T05:44:07Z,76.0,Charge 5
2024-06-08T05:44:12Z,75.0,Charge 5
2024-06-08T05:44:27Z,75.0,Charge 5
2024-06-08T05:44:42Z,75.0,Charge 5
2024-06-08T05:44:52Z,77.0,Charge 5
2024-06-08T05:44:57Z,79.0,Charge 5
2024-06-08T05:45:02Z,80.0,Charge 5
2024-06-08T05:45:12Z,79.0,Charge 5
2024-06-08T05:45:22Z,78.0,Charge 5
2024-06-08T05:45:27Z,77.0,Charge 5
2024-06-08T05:45:32Z,76.0,Charge 5
2024-06-08T05:45:42Z,75.0,Charge 5
2024-06-08T05:45:47Z,74.0,Charge 5
2024-06-08T05:45:57Z,76.0,Charge 5
2024-06-08T05:46:12Z,76.0,Charge 5
2024-06-08T05:46:17Z,77.0,Charge 5
2024-06-08T05:46:27Z,78.0,Charge 5
2024-06-08T05:46:42Z,78.0,Charge 5
2024-06-08T05:46:47Z,80.0,Charge 5
2024-06-08T05:46:52Z,81.0,Charge 5
2024-06-08T05:47:07Z,81.0,Charge 5
2024-06-08T05:47:12Z,80.0,Charge 5
2024-06-08T05:47:17Z,78.0,Charge 5
2024-06-08T05:47:22Z,77.0,Charge 5
2024-06-08T05:47:37Z,77.0,Charge 5
2024-06-08T05:47:42Z,78.0,Charge 5
2024-06-08T05:47:47Z,79.0,Charge 5
2024-06-08T05:47:52Z,80.0,Charge 5
2024-06-08T05:47:57Z,82.0,Charge 5
2024-06-08T05:48:07Z,81.0,Charge 5
2024-06-08T05:48:12Z,80.0,Charge 5
2024-06-08T05:48:22Z,79.0,Charge 5
2024-06-08T05:48:27Z,78.0,Charge 5
2024-06-08T05:48:32Z,77.0,Charge 5
2024-06-08T05:48:37Z,76.0,Charge 5
2024-06-08T05:48:52Z,76.0,Charge 5
2024-06-08T05:48:57Z,78.0,Charge 5
2024-06-08T05:49:07Z,79.0,Charge 5
2024-06-08T05:49:12Z,80.0,Charge 5
2024-06-08T05:49:17Z,80.0,Charge 5
2024-06-08T05:49:22Z,79.0,Charge 5
2024-06-08T05:49:27Z,77.0,Charge 5
2024-06-08T05:49:32Z,76.0,Charge 5
2024-06-08T05:49:42Z,77.0,Charge 5
2024-06-08T05:49:52Z,78.0,Charge 5
2024-06-08T05:50:02Z,77.0,Charge 5
2024-06-08T05:50:17Z,78.0,Charge 5
2024-06-08T05:50:22Z,79.0,Charge 5
2024-06-08T05:50:27Z,80.0,Charge 5
2024-06-08T05:50:37Z,79.0,Charge 5
2024-06-08T05:50:42Z,78.0,Charge 5
2024-06-08T05:50:52Z,76.0,Charge 5
2024-06-08T05:50:57Z,74.0,Charge 5
2024-06-08T05:51:02Z,73.0,Charge 5
2024-06-08T05:51:07Z,74.0,Charge 5
2024-06-08T05:51:12Z,76.0,Charge 5
2024-06-08T05:51:17Z,79.0,Charge 5
2024-06-08T05:51:22Z,81.0,Charge 5
2024-06-08T05:51:27Z,80.0,Charge 5
2024-06-08T05:51:37Z,81.0,Charge 5
2024-06-08T05:51:42Z,83.0,Charge 5
2024-06-08T05:51:47Z,84.0,Charge 5
2024-06-08T05:51:52Z,85.0,Charge 5
2024-06-08T05:51:57Z,92.0,Charge 5
2024-06-08T05:52:02Z,94.0,Charge 5
2024-06-08T05:52:07Z,92.0,Charge 5
2024-06-08T05:52:12Z,88.0,Charge 5
2024-06-08T05:52:17Z,86.0,Charge 5
2024-06-08T05:52:32Z,87.0,Charge 5
2024-06-08T05:52:37Z,86.0,Charge 5
2024-06-08T05:52:42Z,84.0,Charge 5
2024-06-08T05:52:47Z,81.0,Charge 5
2024-06-08T05:52:52Z,79.0,Charge 5
2024-06-08T05:52:57Z,78.0,Charge 5
2024-06-08T05:53:02Z,76.0,Charge 5
2024-06-08T05:53:07Z,74.0,Charge 5
2024-06-08T05:53:22Z,75.0,Charge 5
2024-06-08T05:53:32Z,78.0,Charge 5
2024-06-08T05:53:37Z,81.0,Charge 5
2024-06-08T05:53:42Z,83.0,Charge 5
2024-06-08T05:53:52Z,85.0,Charge 5
2024-06-08T05:53:57Z,86.0,Charge 5
2024-06-08T05:54:02Z,87.0,Charge 5
2024-06-08T05:54:12Z,88.0,Charge 5
2024-06-08T05:54:17Z,90.0,Charge 5
2024-06-08T05:54:22Z,92.0,Charge 5
2024-06-08T05:54:32Z,91.0,Charge 5
2024-06-08T05:54:37Z,91.0,Charge 5
2024-06-08T05:54:52Z,91.0,Charge 5
2024-06-08T05:55:02Z,92.0,Charge 5
2024-06-08T05:55:07Z,90.0,Charge 5
2024-06-08T05:55:12Z,91.0,Charge 5
2024-06-08T05:55:17Z,90.0,Charge 5
2024-06-08T05:55:22Z,90.0,Charge 5
2024-06-08T05:55:27Z,90.0,Charge 5
2024-06-08T05:55:32Z,90.0,Charge 5
2024-06-08T05:55:37Z,89.0,Charge 5
2024-06-08T05:55:42Z,88.0,Charge 5
2024-06-08T05:55:57Z,89.0,Charge 5
2024-06-08T05:56:02Z,91.0,Charge 5
2024-06-08T05:56:12Z,88.0,Charge 5
2024-06-08T05:56:17Z,85.0,Charge 5
2024-06-08T05:56:27Z,86.0,Charge 5
2024-06-08T05:56:32Z,85.0,Charge 5
2024-06-08T05:56:37Z,83.0,Charge 5
2024-06-08T05:56:47Z,82.0,Charge 5
2024-06-08T05:56:52Z,81.0,Charge 5
2024-06-08T05:56:57Z,79.0,Charge 5
2024-06-08T05:57:07Z,78.0,Charge 5
2024-06-08T05:57:12Z,79.0,Charge 5
2024-06-08T05:57:22Z,78.0,Charge 5
2024-06-08T05:57:27Z,77.0,Charge 5
2024-06-08T05:57:42Z,78.0,Charge 5
2024-06-08T05:57:47Z,79.0,Charge 5
2024-06-08T05:57:57Z,78.0,Charge 5
2024-06-08T05:58:07Z,77.0,Charge 5
2024-06-08T05:58:22Z,78.0,Charge 5
2024-06-08T05:58:27Z,79.0,Charge 5
2024-06-08T05:58:32Z,81.0,Charge 5
2024-06-08T05:58:37Z,82.0,Charge 5
2024-06-08T05:58:42Z,83.0,Charge 5
2024-06-08T05:58:47Z,86.0,Charge 5
2024-06-08T05:58:52Z,88.0,Charge 5
2024-06-08T05:58:57Z,91.0,Charge 5
2024-06-08T05:59:02Z,92.0,Charge 5
2024-06-08T05:59:07Z,93.0,Charge 5
2024-06-08T05:59:12Z,91.0,Charge 5
2024-06-08T05:59:17Z,89.0,Charge 5
2024-06-08T05:59:22Z,86.0,Charge 5
2024-06-08T05:59:27Z,84.0,Charge 5
2024-06-08T05:59:32Z,83.0,Charge 5
2024-06-08T05:59:37Z,82.0,Charge 5
2024-06-08T05:59:52Z,82.0,Charge 5
2024-06-08T05:59:57Z,81.0,Charge 5
2024-06-08T06:00:02Z,80.0,Charge 5
2024-06-08T06:00:12Z,81.0,Charge 5
2024-06-08T06:00:17Z,83.0,Charge 5
2024-06-08T06:00:22Z,87.0,Charge 5
2024-06-08T06:00:27Z,89.0,Charge 5
2024-06-08T06:00:37Z,90.0,Charge 5
2024-06-08T06:00:42Z,89.0,Charge 5
2024-06-08T06:00:57Z,91.0,Charge 5
2024-06-08T06:01:02Z,87.0,Charge 5
2024-06-08T06:01:07Z,84.0,Charge 5
2024-06-08T06:01:12Z,85.0,Charge 5
2024-06-08T06:01:17Z,86.0,Charge 5
2024-06-08T06:01:22Z,84.0,Charge 5
2024-06-08T06:01:27Z,83.0,Charge 5
2024-06-08T06:01:37Z,84.0,Charge 5
2024-06-08T06:01:42Z,85.0,Charge 5
2024-06-08T06:01:47Z,84.0,Charge 5
2024-06-08T06:01:57Z,85.0,Charge 5
2024-06-08T06:02:07Z,86.0,Charge 5
2024-06-08T06:02:12Z,91.0,Charge 5
2024-06-08T06:02:17Z,94.0,Charge 5
2024-06-08T06:02:22Z,95.0,Charge 5
2024-06-08T06:02:37Z,95.0,Charge 5
2024-06-08T06:02:47Z,96.0,Charge 5
2024-06-08T06:03:02Z,98.0,Charge 5
2024-06-08T06:03:07Z,100.0,Charge 5
2024-06-08T06:03:17Z,100.0,Charge 5
2024-06-08T06:03:32Z,101.0,Charge 5
2024-06-08T06:03:37Z,100.0,Charge 5
2024-06-08T06:03:47Z,99.0,Charge 5
2024-06-08T06:03:52Z,100.0,Charge 5
2024-06-08T06:03:57Z,97.0,Charge 5
2024-06-08T06:04:02Z,92.0,Charge 5
2024-06-08T06:04:07Z,86.0,Charge 5
2024-06-08T06:04:12Z,82.0,Charge 5
2024-06-08T06:04:17Z,83.0,Charge 5
2024-06-08T06:04:22Z,86.0,Charge 5
2024-06-08T06:04:27Z,87.0,Charge 5
2024-06-08T06:04:32Z,86.0,Charge 5
2024-06-08T06:04:37Z,85.0,Charge 5
2024-06-08T06:04:42Z,85.0,Charge 5
2024-06-08T06:04:52Z,91.0,Charge 5
2024-06-08T06:04:57Z,90.0,Charge 5
2024-06-08T06:05:02Z,87.0,Charge 5
2024-06-08T06:05:07Z,83.0,Charge 5
2024-06-08T06:05:12Z,82.0,Charge 5
2024-06-08T06:05:22Z,83.0,Charge 5
2024-06-08T06:05:27Z,85.0,Charge 5
2024-06-08T06:05:42Z,84.0,Charge 5
2024-06-08T06:05:47Z,83.0,Charge 5
2024-06-08T06:05:52Z,83.0,Charge 5
2024-06-08T06:05:57Z,83.0,Charge 5
2024-06-08T06:06:02Z,84.0,Charge 5
2024-06-08T06:06:12Z,82.0,Charge 5
2024-06-08T06:06:17Z,81.0,Charge 5
2024-06-08T06:06:32Z,82.0,Charge 5
2024-06-08T06:06:47Z,82.0,Charge 5
2024-06-08T06:06:52Z,81.0,Charge 5
2024-06-08T06:07:07Z,82.0,Charge 5
2024-06-08T06:07:12Z,80.0,Charge 5
2024-06-08T06:07:17Z,77.0,Charge 5
2024-06-08T06:07:22Z,76.0,Charge 5
2024-06-08T06:07:37Z,76.0,Charge 5
2024-06-08T06:07:52Z,77.0,Charge 5
2024-06-08T06:07:57Z,78.0,Charge 5
2024-06-08T06:08:02Z,79.0,Charge 5
2024-06-08T06:08:12Z,80.0,Charge 5
2024-06-08T06:08:17Z,80.0,Charge 5
2024-06-08T06:08:32Z,80.0,Charge 5
2024-06-08T06:08:37Z,81.0,Charge 5
2024-06-08T06:08:42Z,80.0,Charge 5
2024-06-08T06:08:57Z,80.0,Charge 5
2024-06-08T06:09:02Z,84.0,Charge 5
2024-06-08T06:09:07Z,86.0,Charge 5
2024-06-08T06:09:22Z,87.0,Charge 5
2024-06-08T06:09:27Z,89.0,Charge 5
2024-06-08T06:09:37Z,90.0,Charge 5
2024-06-08T06:09:42Z,93.0,Charge 5
2024-06-08T06:09:47Z,94.0,Charge 5
2024-06-08T06:10:02Z,94.0,Charge 5
2024-06-08T06:10:17Z,94.0,Charge 5
2024-06-08T06:10:22Z,91.0,Charge 5
2024-06-08T06:10:32Z,90.0,Charge 5
2024-06-08T06:10:37Z,88.0,Charge 5
2024-06-08T06:10:42Z,87.0,Charge 5
2024-06-08T06:10:52Z,86.0,Charge 5
2024-06-08T06:11:13Z,84.0,Charge 5
2024-06-08T06:11:18Z,83.0,Charge 5
2024-06-08T06:11:23Z,81.0,Charge 5
2024-06-08T06:11:28Z,80.0,Charge 5
2024-06-08T06:11:43Z,81.0,Charge 5
2024-06-08T06:11:48Z,83.0,Charge 5
2024-06-08T06:11:53Z,87.0,Charge 5
2024-06-08T06:11:58Z,88.0,Charge 5
2024-06-08T06:12:08Z,87.0,Charge 5
2024-06-08T06:12:13Z,86.0,Charge 5
2024-06-08T06:12:28Z,86.0,Charge 5
2024-06-08T06:12:38Z,85.0,Charge 5
2024-06-08T06:12:53Z,85.0,Charge 5
2024-06-08T06:13:03Z,84.0,Charge 5
2024-06-08T06:13:08Z,85.0,Charge 5
2024-06-08T06:13:13Z,86.0,Charge 5
2024-06-08T06:13:23Z,85.0,Charge 5
2024-06-08T06:13:28Z,87.0,Charge 5
2024-06-08T06:13:33Z,88.0,Charge 5
2024-06-08T06:13:48Z,88.0,Charge 5
2024-06-08T06:13:58Z,87.0,Charge 5
2024-06-08T06:14:03Z,90.0,Charge 5
2024-06-08T06:14:08Z,91.0,Charge 5
2024-06-08T06:14:13Z,89.0,Charge 5
2024-06-08T06:14:18Z,88.0,Charge 5
2024-06-08T06:14:28Z,87.0,Charge 5
2024-06-08T06:14:33Z,86.0,Charge 5
2024-06-08T06:14:38Z,86.0,Charge 5
2024-06-08T06:14:43Z,86.0,Charge 5
2024-06-08T06:14:48Z,85.0,Charge 5
2024-06-08T06:14:58Z,86.0,Charge 5
2024-06-08T06:15:03Z,87.0,Charge 5
2024-06-08T06:15:08Z,88.0,Charge 5
2024-06-08T06:15:18Z,87.0,Charge 5
2024-06-08T06:15:23Z,86.0,Charge 5
2024-06-08T06:15:38Z,86.0,Charge 5
2024-06-08T06:15:43Z,87.0,Charge 5
2024-06-08T06:15:48Z,83.0,Charge 5
2024-06-08T06:16:03Z,82.0,Charge 5
2024-06-08T06:16:08Z,79.0,Charge 5
2024-06-08T06:16:13Z,78.0,Charge 5
2024-06-08T06:16:23Z,83.0,Charge 5
2024-06-08T06:16:28Z,86.0,Charge 5
2024-06-08T06:16:33Z,84.0,Charge 5
2024-06-08T06:16:38Z,84.0,Charge 5
2024-06-08T06:16:53Z,84.0,Charge 5
2024-06-08T06:16:58Z,83.0,Charge 5
2024-06-08T06:17:08Z,82.0,Charge 5
2024-06-08T06:17:13Z,83.0,Charge 5
2024-06-08T06:17:23Z,84.0,Charge 5
2024-06-08T06:17:28Z,82.0,Charge 5
2024-06-08T06:17:33Z,82.0,Charge 5
2024-06-08T06:17:38Z,83.0,Charge 5
2024-06-08T06:17:43Z,84.0,Charge 5
2024-06-08T06:17:48Z,83.0,Charge 5
2024-06-08T06:17:53Z,84.0,Charge 5
2024-06-08T06:17:58Z,85.0,Charge 5
2024-06-08T06:18:03Z,86.0,Charge 5
2024-06-08T06:18:08Z,85.0,Charge 5
2024-06-08T06:18:13Z,84.0,Charge 5
2024-06-08T06:18:18Z,83.0,Charge 5
2024-06-08T06:18:28Z,84.0,Charge 5
2024-06-08T06:18:38Z,85.0,Charge 5
2024-06-08T06:18:53Z,86.0,Charge 5
2024-06-08T06:18:58Z,89.0,Charge 5
2024-06-08T06:19:03Z,90.0,Charge 5
2024-06-08T06:19:18Z,91.0,Charge 5
2024-06-08T06:19:33Z,90.0,Charge 5
2024-06-08T06:19:38Z,89.0,Charge 5
2024-06-08T06:19:53Z,89.0,Charge 5
2024-06-08T06:20:03Z,87.0,Charge 5
2024-06-08T06:20:08Z,89.0,Charge 5
2024-06-08T06:20:13Z,91.0,Charge 5
2024-06-08T06:20:23Z,92.0,Charge 5
2024-06-08T06:20:28Z,95.0,Charge 5
2024-06-08T06:20:38Z,92.0,Charge 5
2024-06-08T06:20:43Z,91.0,Charge 5
2024-06-08T06:20:53Z,92.0,Charge 5
2024-06-08T06:20:58Z,91.0,Charge 5
2024-06-08T06:21:08Z,93.0,Charge 5
2024-06-08T06:21:18Z,95.0,Charge 5
2024-06-08T06:21:23Z,96.0,Charge 5
2024-06-08T06:21:38Z,94.0,Charge 5
2024-06-08T06:21:48Z,95.0,Charge 5
2024-06-08T06:21:53Z,94.0,Charge 5
2024-06-08T06:21:58Z,89.0,Charge 5
2024-06-08T06:22:03Z,87.0,Charge 5
2024-06-08T06:22:08Z,85.0,Charge 5
2024-06-08T06:22:23Z,85.0,Charge 5
2024-06-08T06:22:38Z,85.0,Charge 5
2024-06-08T06:22:43Z,84.0,Charge 5
2024-06-08T06:22:48Z,83.0,Charge 5
2024-06-08T06:22:53Z,82.0,Charge 5
2024-06-08T06:23:08Z,82.0,Charge 5
2024-06-08T06:23:23Z,81.0,Charge 5
2024-06-08T06:23:38Z,81.0,Charge 5
2024-06-08T06:23:48Z,80.0,Charge 5
2024-06-08T06:23:58Z,81.0,Charge 5
2024-06-08T06:24:13Z,81.0,Charge 5
2024-06-08T06:24:23Z,86.0,Charge 5
2024-06-08T06:24:28Z,87.0,Charge 5
2024-06-08T06:24:43Z,88.0,Charge 5
2024-06-08T06:24:48Z,94.0,Charge 5
2024-06-08T06:24:53Z,95.0,Charge 5
2024-06-08T06:24:58Z,94.0,Charge 5
2024-06-08T06:25:13Z,94.0,Charge 5
2024-06-08T06:25:23Z,93.0,Charge 5
2024-06-08T06:25:28Z,93.0,Charge 5
2024-06-08T06:25:33Z,93.0,Charge 5
2024-06-08T06:25:43Z,94.0,Charge 5
2024-06-08T06:25:48Z,95.0,Charge 5
2024-06-08T06:25:53Z,93.0,Charge 5
2024-06-08T06:26:08Z,93.0,Charge 5
2024-06-08T06:26:13Z,97.0,Charge 5
2024-06-08T06:26:18Z,99.0,Charge 5
2024-06-08T06:26:22Z,100.0,Charge 5
2024-06-08T06:26:27Z,101.0,Charge 5
2024-06-08T06:26:37Z,102.0,Charge 5
2024-06-08T06:26:47Z,101.0,Charge 5
2024-06-08T06:26:52Z,99.0,Charge 5
2024-06-08T06:27:02Z,98.0,Charge 5
2024-06-08T06:27:12Z,100.0,Charge 5
2024-06-08T06:27:17Z,99.0,Charge 5
2024-06-08T06:27:22Z,97.0,Charge 5
2024-06-08T06:27:27Z,98.0,Charge 5
2024-06-08T06:27:37Z,97.0,Charge 5
2024-06-08T06:27:42Z,96.0,Charge 5
2024-06-08T06:27:47Z,91.0,Charge 5
2024-06-08T06:27:52Z,88.0,Charge 5
2024-06-08T06:27:57Z,87.0,Charge 5
2024-06-08T06:28:12Z,87.0,Charge 5
2024-06-08T06:28:27Z,87.0,Charge 5
2024-06-08T06:28:32Z,86.0,Charge 5
2024-06-08T06:28:37Z,84.0,Charge 5
2024-06-08T06:28:47Z,83.0,Charge 5
2024-06-08T06:28:52Z,82.0,Charge 5
2024-06-08T06:28:57Z,83.0,Charge 5
2024-06-08T06:29:02Z,82.0,Charge 5
2024-06-08T06:29:07Z,82.0,Charge 5
2024-06-08T06:29:17Z,82.0,Charge 5
2024-06-08T06:29:32Z,83.0,Charge 5
2024-06-08T06:29:47Z,83.0,Charge 5
2024-06-08T06:29:52Z,83.0,Charge 5
2024-06-08T06:30:02Z,84.0,Charge 5
2024-06-08T06:30:17Z,84.0,Charge 5
2024-06-08T06:30:22Z,83.0,Charge 5
2024-06-08T06:30:27Z,82.0,Charge 5
2024-06-08T06:30:42Z,82.0,Charge 5
2024-06-08T06:30:52Z,83.0,Charge 5
2024-06-08T06:31:07Z,82.0,Charge 5
2024-06-08T06:31:12Z,83.0,Charge 5
2024-06-08T06:31:27Z,83.0,Charge 5
2024-06-08T06:31:32Z,85.0,Charge 5
2024-06-08T06:31:37Z,87.0,Charge 5
2024-06-08T06:31:42Z,90.0,Charge 5
2024-06-08T06:31:47Z,91.0,Charge 5
2024-06-08T06:31:52Z,91.0,Charge 5
2024-06-08T06:31:57Z,90.0,Charge 5
2024-06-08T06:32:02Z,88.0,Charge 5
2024-06-08T06:32:07Z,89.0,Charge 5
2024-06-08T06:32:12Z,89.0,Charge 5
2024-06-08T06:32:17Z,88.0,Charge 5
2024-06-08T06:32:22Z,87.0,Charge 5
2024-06-08T06:32:32Z,86.0,Charge 5
2024-06-08T06:32:47Z,86.0,Charge 5
2024-06-08T06:32:52Z,85.0,Charge 5
2024-06-08T06:32:57Z,83.0,Charge 5
2024-06-08T06:33:07Z,82.0,Charge 5
2024-06-08T06:33:12Z,83.0,Charge 5
2024-06-08T06:33:17Z,83.0,Charge 5
2024-06-08T06:33:32Z,83.0,Charge 5
2024-06-08T06:33:47Z,84.0,Charge 5
2024-06-08T06:33:52Z,85.0,Charge 5
2024-06-08T06:34:02Z,87.0,Charge 5
2024-06-08T06:34:07Z,86.0,Charge 5
2024-06-08T06:34:22Z,86.0,Charge 5
2024-06-08T06:34:27Z,85.0,Charge 5
2024-06-08T06:34:37Z,86.0,Charge 5
2024-06-08T06:34:47Z,87.0,Charge 5
2024-06-08T06:35:02Z,88.0,Charge 5
2024-06-08T06:35:12Z,87.0,Charge 5
2024-06-08T06:35:17Z,84.0,Charge 5
2024-06-08T06:35:22Z,82.0,Charge 5
2024-06-08T06:35:32Z,83.0,Charge 5
2024-06-08T06:35:37Z,84.0,Charge 5
2024-06-08T06:35:42Z,86.0,Charge 5
2024-06-08T06:35:47Z,90.0,Charge 5
2024-06-08T06:35:52Z,90.0,Charge 5
2024-06-08T06:35:57Z,89.0,Charge 5
2024-06-08T06:36:12Z,87.0,Charge 5
2024-06-08T06:36:22Z,87.0,Charge 5
2024-06-08T06:36:27Z,85.0,Charge 5
2024-06-08T06:36:32Z,84.0,Charge 5
2024-06-08T06:36:42Z,85.0,Charge 5
2024-06-08T06:36:47Z,92.0,Charge 5
2024-06-08T06:36:52Z,91.0,Charge 5
2024-06-08T06:36:57Z,86.0,Charge 5
2024-06-08T06:37:07Z,85.0,Charge 5
2024-06-08T06:37:22Z,84.0,Charge 5
2024-06-08T06:37:32Z,85.0,Charge 5
2024-06-08T06:37:42Z,86.0,Charge 5
2024-06-08T06:37:47Z,87.0,Charge 5
2024-06-08T06:38:02Z,87.0,Charge 5
2024-06-08T06:38:07Z,87.0,Charge 5
2024-06-08T06:38:17Z,89.0,Charge 5
2024-06-08T06:38:32Z,87.0,Charge 5
2024-06-08T06:38:37Z,89.0,Charge 5
2024-06-08T06:38:42Z,86.0,Charge 5
2024-06-08T06:38:47Z,83.0,Charge 5
2024-06-08T06:39:02Z,83.0,Charge 5
2024-06-08T06:39:07Z,84.0,Charge 5
2024-06-08T06:39:12Z,85.0,Charge 5
2024-06-08T06:39:17Z,86.0,Charge 5
2024-06-08T06:39:22Z,88.0,Charge 5
2024-06-08T06:39:27Z,89.0,Charge 5
2024-06-08T06:39:32Z,90.0,Charge 5
2024-06-08T06:39:37Z,89.0,Charge 5
2024-06-08T06:39:42Z,90.0,Charge 5
2024-06-08T06:39:47Z,91.0,Charge 5
2024-06-08T06:39:52Z,90.0,Charge 5
2024-06-08T06:40:02Z,88.0,Charge 5
2024-06-08T06:40:07Z,87.0,Charge 5
2024-06-08T06:40:17Z,86.0,Charge 5
2024-06-08T06:40:22Z,86.0,Charge 5
2024-06-08T06:40:27Z,87.0,Charge 5
2024-06-08T06:40:32Z,88.0,Charge 5
2024-06-08T06:40:37Z,87.0,Charge 5
2024-06-08T06:40:52Z,87.0,Charge 5
2024-06-08T06:40:57Z,88.0,Charge 5
2024-06-08T06:41:02Z,90.0,Charge 5
2024-06-08T06:41:07Z,91.0,Charge 5
2024-06-08T06:41:12Z,90.0,Charge 5
2024-06-08T06:41:28Z,91.0,Charge 5
2024-06-08T06:41:33Z,92.0,Charge 5
2024-06-08T06:41:38Z,93.0,Charge 5
2024-06-08T06:41:53Z,93.0,Charge 5
2024-06-08T06:41:58Z,94.0,Charge 5
2024-06-08T06:42:13Z,95.0,Charge 5
2024-06-08T06:42:18Z,94.0,Charge 5
2024-06-08T06:42:23Z,93.0,Charge 5
2024-06-08T06:42:28Z,80.0,Charge 5
2024-06-08T06:42:33Z,73.0,Charge 5
2024-06-08T06:42:38Z,75.0,Charge 5
2024-06-08T06:42:43Z,77.0,Charge 5
2024-06-08T06:42:48Z,80.0,Charge 5
2024-06-08T06:42:53Z,82.0,Charge 5
2024-06-08T06:42:58Z,83.0,Charge 5
2024-06-08T06:43:03Z,85.0,Charge 5
2024-06-08T06:43:08Z,88.0,Charge 5
2024-06-08T06:43:13Z,88.0,Charge 5
2024-06-08T06:43:18Z,86.0,Charge 5
2024-06-08T06:43:33Z,86.0,Charge 5
2024-06-08T06:43:38Z,84.0,Charge 5
2024-06-08T06:43:43Z,83.0,Charge 5
2024-06-08T06:43:53Z,86.0,Charge 5
2024-06-08T06:43:58Z,89.0,Charge 5
2024-06-08T06:44:03Z,88.0,Charge 5
2024-06-08T06:44:13Z,89.0,Charge 5
2024-06-08T06:44:18Z,88.0,Charge 5
2024-06-08T06:44:33Z,87.0,Charge 5
2024-06-08T06:44:43Z,86.0,Charge 5
2024-06-08T06:44:48Z,85.0,Charge 5
2024-06-08T06:44:53Z,83.0,Charge 5
2024-06-08T06:44:58Z,82.0,Charge 5
2024-06-08T06:45:19Z,82.0,Charge 5
2024-06-08T06:45:29Z,83.0,Charge 5
2024-06-08T06:45:44Z,83.0,Charge 5
2024-06-08T06:45:59Z,83.0,Charge 5
2024-06-08T06:46:04Z,84.0,Charge 5
2024-06-08T06:46:19Z,85.0,Charge 5
2024-06-08T06:46:24Z,87.0,Charge 5
2024-06-08T06:46:29Z,89.0,Charge 5
2024-06-08T06:46:34Z,90.0,Charge 5
2024-06-08T06:46:49Z,90.0,Charge 5
2024-06-08T06:46:59Z,92.0,Charge 5
2024-06-08T06:47:04Z,92.0,Charge 5
2024-06-08T06:47:09Z,93.0,Charge 5
2024-06-08T06:47:19Z,92.0,Charge 5
2024-06-08T06:47:24Z,91.0,Charge 5
2024-06-08T06:47:34Z,92.0,Charge 5
2024-06-08T06:47:39Z,93.0,Charge 5
2024-06-08T06:47:44Z,92.0,Charge 5
2024-06-08T06:47:49Z,93.0,Charge 5
2024-06-08T06:47:54Z,92.0,Charge 5
2024-06-08T06:48:09Z,92.0,Charge 5
2024-06-08T06:48:14Z,91.0,Charge 5
2024-06-08T06:48:19Z,90.0,Charge 5
2024-06-08T06:48:24Z,89.0,Charge 5
2024-06-08T06:48:29Z,87.0,Charge 5
2024-06-08T06:48:44Z,88.0,Charge 5
2024-06-08T06:48:49Z,89.0,Charge 5
2024-06-08T06:48:54Z,87.0,Charge 5
2024-06-08T06:48:59Z,87.0,Charge 5
2024-06-08T06:49:14Z,87.0,Charge 5
2024-06-08T06:49:19Z,86.0,Charge 5
2024-06-08T06:49:24Z,88.0,Charge 5
2024-06-08T06:49:29Z,89.0,Charge 5
2024-06-08T06:49:34Z,90.0,Charge 5
2024-06-08T06:49:39Z,89.0,Charge 5
2024-06-08T06:49:44Z,90.0,Charge 5
2024-06-08T06:49:49Z,92.0,Charge 5
2024-06-08T06:49:54Z,95.0,Charge 5
2024-06-08T06:49:59Z,90.0,Charge 5
2024-06-08T06:50:04Z,85.0,Charge 5
2024-06-08T06:50:14Z,85.0,Charge 5
2024-06-08T06:50:19Z,84.0,Charge 5
2024-06-08T06:50:34Z,84.0,Charge 5
2024-06-08T06:50:44Z,85.0,Charge 5
2024-06-08T06:50:54Z,84.0,Charge 5
2024-06-08T06:50:59Z,83.0,Charge 5
2024-06-08T06:51:04Z,80.0,Charge 5
2024-06-08T06:51:19Z,81.0,Charge 5
2024-06-08T06:51:24Z,82.0,Charge 5
2024-06-08T06:51:39Z,83.0,Charge 5
2024-06-08T06:51:44Z,86.0,Charge 5
2024-06-08T06:51:49Z,88.0,Charge 5
2024-06-08T06:51:54Z,89.0,Charge 5
2024-06-08T06:51:59Z,87.0,Charge 5
2024-06-08T06:52:04Z,84.0,Charge 5
2024-06-08T06:52:19Z,84.0,Charge 5
2024-06-08T06:52:34Z,85.0,Charge 5
2024-06-08T06:52:39Z,87.0,Charge 5
2024-06-08T06:52:44Z,88.0,Charge 5
2024-06-08T06:52:49Z,90.0,Charge 5
2024-06-08T06:52:54Z,89.0,Charge 5
2024-06-08T06:53:04Z,88.0,Charge 5
2024-06-08T06:53:09Z,87.0,Charge 5
2024-06-08T06:53:14Z,86.0,Charge 5
2024-06-08T06:53:24Z,85.0,Charge 5
2024-06-08T06:53:29Z,86.0,Charge 5
2024-06-08T06:53:34Z,88.0,Charge 5
2024-06-08T06:53:39Z,90.0,Charge 5
2024-06-08T06:53:44Z,91.0,Charge 5
2024-06-08T06:53:54Z,93.0,Charge 5
2024-06-08T06:53:59Z,93.0,Charge 5
2024-06-08T06:54:04Z,94.0,Charge 5
2024-06-08T06:54:09Z,95.0,Charge 5
2024-06-08T06:54:14Z,97.0,Charge 5
2024-06-08T06:54:19Z,96.0,Charge 5
2024-06-08T06:54:24Z,98.0,Charge 5
2024-06-08T06:54:29Z,97.0,Charge 5
2024-06-08T06:54:34Z,94.0,Charge 5
2024-06-08T06:54:39Z,89.0,Charge 5
2024-06-08T06:54:54Z,89.0,Charge 5
2024-06-08T06:54:59Z,90.0,Charge 5
2024-06-08T06:55:04Z,90.0,Charge 5
2024-06-08T06:55:19Z,94.0,Charge 5
2024-06-08T06:55:24Z,92.0,Charge 5
2024-06-08T06:55:29Z,89.0,Charge 5
2024-06-08T06:55:34Z,91.0,Charge 5
2024-06-08T06:55:39Z,94.0,Charge 5
2024-06-08T06:55:44Z,93.0,Charge 5
2024-06-08T06:55:54Z,92.0,Charge 5
2024-06-08T06:55:59Z,93.0,Charge 5
2024-06-08T06:56:04Z,96.0,Charge 5
2024-06-08T06:56:09Z,95.0,Charge 5
2024-06-08T06:56:14Z,94.0,Charge 5
2024-06-08T06:56:19Z,92.0,Charge 5
2024-06-08T06:56:33Z,92.0,Charge 5
2024-06-08T06:56:43Z,94.0,Charge 5
2024-06-08T06:56:48Z,93.0,Charge 5
2024-06-08T06:57:03Z,96.0,Charge 5
2024-06-08T06:57:08Z,88.0,Charge 5
2024-06-08T06:57:13Z,86.0,Charge 5
2024-06-08T06:57:28Z,86.0,Charge 5
2024-06-08T06:57:43Z,86.0,Charge 5
2024-06-08T06:57:48Z,87.0,Charge 5
2024-06-08T06:57:53Z,88.0,Charge 5
2024-06-08T06:58:08Z,88.0,Charge 5
2024-06-08T06:58:18Z,87.0,Charge 5
2024-06-08T06:58:33Z,87.0,Charge 5
2024-06-08T06:58:38Z,85.0,Charge 5
2024-06-08T06:58:53Z,85.0,Charge 5
2024-06-08T06:59:08Z,84.0,Charge 5
2024-06-08T06:59:23Z,84.0,Charge 5
2024-06-08T06:59:28Z,86.0,Charge 5
2024-06-08T06:59:33Z,88.0,Charge 5
2024-06-08T06:59:43Z,86.0,Charge 5
2024-06-08T06:59:53Z,85.0,Charge 5
2024-06-08T06:59:58Z,86.0,Charge 5
2024-06-08T07:00:03Z,87.0,Charge 5
2024-06-08T07:00:08Z,86.0,Charge 5
2024-06-08T07:00:13Z,85.0,Charge 5
2024-06-08T07:00:18Z,84.0,Charge 5
2024-06-08T07:00:23Z,85.0,Charge 5
2024-06-08T07:00:28Z,85.0,Charge 5
2024-06-08T07:00:33Z,87.0,Charge 5
2024-06-08T07:00:48Z,87.0,Charge 5
2024-06-08T07:00:53Z,88.0,Charge 5
2024-06-08T07:00:58Z,90.0,Charge 5
2024-06-08T07:01:03Z,91.0,Charge 5
2024-06-08T07:01:08Z,90.0,Charge 5
2024-06-08T07:01:13Z,88.0,Charge 5
2024-06-08T07:01:18Z,87.0,Charge 5
2024-06-08T07:01:23Z,85.0,Charge 5
2024-06-08T07:01:33Z,86.0,Charge 5
2024-06-08T07:01:43Z,87.0,Charge 5
2024-06-08T07:01:53Z,86.0,Charge 5
2024-06-08T07:02:08Z,85.0,Charge 5
2024-06-08T07:02:23Z,85.0,Charge 5
2024-06-08T07:02:33Z,86.0,Charge 5
2024-06-08T07:02:38Z,87.0,Charge 5
2024-06-08T07:02:43Z,89.0,Charge 5
2024-06-08T07:02:48Z,90.0,Charge 5
2024-06-08T07:02:53Z,87.0,Charge 5
2024-06-08T07:02:58Z,88.0,Charge 5
2024-06-08T07:03:03Z,87.0,Charge 5
2024-06-08T07:03:08Z,86.0,Charge 5
2024-06-08T07:03:23Z,86.0,Charge 5
2024-06-08T07:03:38Z,86.0,Charge 5
2024-06-08T07:03:43Z,87.0,Charge 5
2024-06-08T07:03:58Z,87.0,Charge 5
2024-06-08T07:04:03Z,88.0,Charge 5
2024-06-08T07:04:13Z,87.0,Charge 5
2024-06-08T07:04:23Z,86.0,Charge 5
2024-06-08T07:04:33Z,85.0,Charge 5
2024-06-08T07:04:48Z,84.0,Charge 5
2024-06-08T07:05:03Z,84.0,Charge 5
2024-06-08T07:05:18Z,84.0,Charge 5
2024-06-08T07:05:23Z,85.0,Charge 5
2024-06-08T07:05:33Z,88.0,Charge 5
2024-06-08T07:05:38Z,86.0,Charge 5
2024-06-08T07:05:43Z,85.0,Charge 5
2024-06-08T07:05:58Z,85.0,Charge 5
2024-06-08T07:06:03Z,86.0,Charge 5
2024-06-08T07:06:08Z,87.0,Charge 5
2024-06-08T07:06:13Z,88.0,Charge 5
2024-06-08T07:06:18Z,90.0,Charge 5
2024-06-08T07:06:23Z,91.0,Charge 5
2024-06-08T07:06:28Z,90.0,Charge 5
2024-06-08T07:06:33Z,87.0,Charge 5
2024-06-08T07:06:38Z,85.0,Charge 5
2024-06-08T07:06:43Z,84.0,Charge 5
2024-06-08T07:06:48Z,84.0,Charge 5
2024-06-08T07:06:53Z,84.0,Charge 5
2024-06-08T07:07:08Z,84.0,Charge 5
2024-06-08T07:07:13Z,82.0,Charge 5
2024-06-08T07:07:18Z,82.0,Charge 5
2024-06-08T07:07:28Z,83.0,Charge 5
2024-06-08T07:07:33Z,85.0,Charge 5
2024-06-08T07:07:38Z,87.0,Charge 5
2024-06-08T07:07:43Z,88.0,Charge 5
2024-06-08T07:07:53Z,89.0,Charge 5
2024-06-08T07:08:03Z,88.0,Charge 5
2024-06-08T07:08:18Z,87.0,Charge 5
2024-06-08T07:08:23Z,84.0,Charge 5
2024-06-08T07:08:28Z,83.0,Charge 5
2024-06-08T07:08:38Z,83.0,Charge 5
2024-06-08T07:08:43Z,83.0,Charge 5
2024-06-08T07:08:53Z,84.0,Charge 5
2024-06-08T07:09:03Z,86.0,Charge 5
2024-06-08T07:09:08Z,87.0,Charge 5
2024-06-08T07:09:13Z,86.0,Charge 5
2024-06-08T07:09:28Z,86.0,Charge 5
2024-06-08T07:09:43Z,85.0,Charge 5
2024-06-08T07:09:48Z,85.0,Charge 5
2024-06-08T07:09:53Z,88.0,Charge 5
2024-06-08T07:10:08Z,91.0,Charge 5
2024-06-08T07:10:13Z,88.0,Charge 5
2024-06-08T07:10:18Z,87.0,Charge 5
2024-06-08T07:10:23Z,88.0,Charge 5
2024-06-08T07:10:28Z,89.0,Charge 5
2024-06-08T07:10:33Z,91.0,Charge 5
2024-06-08T07:10:38Z,91.0,Charge 5
2024-06-08T07:10:43Z,92.0,Charge 5
2024-06-08T07:10:48Z,94.0,Charge 5
2024-06-08T07:10:53Z,93.0,Charge 5
2024-06-08T07:10:58Z,90.0,Charge 5
2024-06-08T07:11:03Z,90.0,Charge 5
2024-06-08T07:11:18Z,91.0,Charge 5
2024-06-08T07:11:23Z,90.0,Charge 5
2024-06-08T07:11:33Z,91.0,Charge 5
2024-06-08T07:11:39Z,92.0,Charge 5
2024-06-08T07:11:54Z,94.0,Charge 5
2024-06-08T07:11:59Z,96.0,Charge 5
2024-06-08T07:12:04Z,95.0,Charge 5
2024-06-08T07:12:09Z,94.0,Charge 5
2024-06-08T07:12:24Z,94.0,Charge 5
2024-06-08T07:12:29Z,96.0,Charge 5
2024-06-08T07:12:34Z,95.0,Charge 5
2024-06-08T07:12:49Z,95.0,Charge 5
2024-06-08T07:12:54Z,98.0,Charge 5
2024-06-08T07:12:59Z,99.0,Charge 5
2024-06-08T07:13:14Z,99.0,Charge 5
2024-06-08T07:13:19Z,97.0,Charge 5
2024-06-08T07:13:24Z,96.0,Charge 5
2024-06-08T07:13:29Z,94.0,Charge 5
2024-06-08T07:13:34Z,95.0,Charge 5
2024-06-08T07:13:39Z,96.0,Charge 5
2024-06-08T07:13:44Z,95.0,Charge 5
2024-06-08T07:13:59Z,95.0,Charge 5
2024-06-08T07:14:04Z,94.0,Charge 5
2024-06-08T07:14:14Z,93.0,Charge 5
2024-06-08T07:14:19Z,90.0,Charge 5
2024-06-08T07:14:24Z,88.0,Charge 5
2024-06-08T07:14:29Z,87.0,Charge 5
2024-06-08T07:14:34Z,87.0,Charge 5
2024-06-08T07:14:44Z,86.0,Charge 5
2024-06-08T07:14:49Z,87.0,Charge 5
2024-06-08T07:14:54Z,87.0,Charge 5
2024-06-08T07:14:59Z,88.0,Charge 5
2024-06-08T07:15:09Z,87.0,Charge 5
2024-06-08T07:15:14Z,88.0,Charge 5
2024-06-08T07:15:29Z,89.0,Charge 5
2024-06-08T07:15:44Z,89.0,Charge 5
2024-06-08T07:15:54Z,88.0,Charge 5
2024-06-08T07:15:59Z,87.0,Charge 5
2024-06-08T07:16:04Z,85.0,Charge 5
2024-06-08T07:16:14Z,87.0,Charge 5
2024-06-08T07:16:19Z,86.0,Charge 5
2024-06-08T07:16:24Z,86.0,Charge 5
2024-06-08T07:16:39Z,86.0,Charge 5
2024-06-08T07:16:44Z,87.0,Charge 5
2024-06-08T07:16:49Z,88.0,Charge 5
2024-06-08T07:16:54Z,89.0,Charge 5
2024-06-08T07:16:59Z,87.0,Charge 5
2024-06-08T07:17:14Z,86.0,Charge 5
2024-06-08T07:17:19Z,87.0,Charge 5
2024-06-08T07:17:34Z,87.0,Charge 5
2024-06-08T07:17:39Z,88.0,Charge 5
2024-06-08T07:17:44Z,90.0,Charge 5
2024-06-08T07:17:49Z,89.0,Charge 5
2024-06-08T07:18:04Z,90.0,Charge 5
2024-06-08T07:18:19Z,90.0,Charge 5
2024-06-08T07:18:24Z,88.0,Charge 5
2024-06-08T07:18:39Z,88.0,Charge 5
2024-06-08T07:18:44Z,89.0,Charge 5
2024-06-08T07:18:59Z,89.0,Charge 5
2024-06-08T07:19:09Z,90.0,Charge 5
2024-06-08T07:19:14Z,89.0,Charge 5
2024-06-08T07:19:24Z,88.0,Charge 5
2024-06-08T07:19:39Z,88.0,Charge 5
2024-06-08T07:19:49Z,86.0,Charge 5
2024-06-08T07:19:54Z,87.0,Charge 5
2024-06-08T07:19:59Z,87.0,Charge 5
2024-06-08T07:20:09Z,88.0,Charge 5
2024-06-08T07:20:24Z,85.0,Charge 5
2024-06-08T07:20:29Z,86.0,Charge 5
2024-06-08T07:20:44Z,86.0,Charge 5
2024-06-08T07:20:59Z,86.0,Charge 5
2024-06-08T07:21:14Z,87.0,Charge 5
2024-06-08T07:21:19Z,89.0,Charge 5
2024-06-08T07:21:29Z,88.0,Charge 5
2024-06-08T07:21:34Z,87.0,Charge 5
2024-06-08T07:21:39Z,87.0,Charge 5
2024-06-08T07:21:49Z,88.0,Charge 5
2024-06-08T07:21:54Z,88.0,Charge 5
2024-06-08T07:22:09Z,88.0,Charge 5
2024-06-08T07:22:14Z,89.0,Charge 5
2024-06-08T07:22:19Z,90.0,Charge 5
2024-06-08T07:22:24Z,91.0,Charge 5
2024-06-08T07:22:34Z,92.0,Charge 5
2024-06-08T07:22:49Z,92.0,Charge 5
2024-06-08T07:22:54Z,93.0,Charge 5
2024-06-08T07:22:59Z,92.0,Charge 5
2024-06-08T07:23:04Z,88.0,Charge 5
2024-06-08T07:23:09Z,87.0,Charge 5
2024-06-08T07:23:14Z,87.0,Charge 5
2024-06-08T07:23:24Z,88.0,Charge 5
2024-06-08T07:23:29Z,90.0,Charge 5
2024-06-08T07:23:44Z,91.0,Charge 5
2024-06-08T07:23:49Z,94.0,Charge 5
2024-06-08T07:24:04Z,95.0,Charge 5
2024-06-08T07:24:09Z,92.0,Charge 5
2024-06-08T07:24:14Z,91.0,Charge 5
2024-06-08T07:24:19Z,90.0,Charge 5
2024-06-08T07:24:24Z,90.0,Charge 5
2024-06-08T07:24:29Z,89.0,Charge 5
2024-06-08T07:24:34Z,84.0,Charge 5
2024-06-08T07:24:39Z,82.0,Charge 5
2024-06-08T07:24:44Z,82.0,Charge 5
2024-06-08T07:24:49Z,81.0,Charge 5
2024-06-08T07:24:59Z,82.0,Charge 5
2024-06-08T07:25:04Z,80.0,Charge 5
2024-06-08T07:25:19Z,80.0,Charge 5
2024-06-08T07:25:34Z,80.0,Charge 5
2024-06-08T07:25:49Z,80.0,Charge 5
2024-06-08T07:26:04Z,81.0,Charge 5
2024-06-08T07:26:19Z,81.0,Charge 5
2024-06-08T07:26:24Z,80.0,Charge 5
2024-06-08T07:26:29Z,80.0,Charge 5
2024-06-08T07:26:39Z,79.0,Charge 5
2024-06-08T07:26:43Z,80.0,Charge 5
2024-06-08T07:26:58Z,82.0,Charge 5
2024-06-08T07:27:03Z,81.0,Charge 5
2024-06-08T07:27:08Z,80.0,Charge 5
2024-06-08T07:27:18Z,81.0,Charge 5
2024-06-08T07:27:23Z,80.0,Charge 5
2024-06-08T07:27:38Z,82.0,Charge 5
2024-06-08T07:27:43Z,84.0,Charge 5
2024-06-08T07:27:48Z,85.0,Charge 5
2024-06-08T07:27:53Z,86.0,Charge 5
2024-06-08T07:27:58Z,88.0,Charge 5
2024-06-08T07:28:08Z,88.0,Charge 5
2024-06-08T07:28:23Z,91.0,Charge 5
2024-06-08T07:28:28Z,92.0,Charge 5
2024-06-08T07:28:43Z,92.0,Charge 5
2024-06-08T07:28:58Z,92.0,Charge 5
2024-06-08T07:29:13Z,92.0,Charge 5
2024-06-08T07:29:18Z,92.0,Charge 5
2024-06-08T07:29:23Z,93.0,Charge 5
2024-06-08T07:29:28Z,95.0,Charge 5
2024-06-08T07:29:33Z,96.0,Charge 5
2024-06-08T07:29:38Z,97.0,Charge 5
2024-06-08T07:29:43Z,98.0,Charge 5
2024-06-08T07:29:48Z,97.0,Charge 5
2024-06-08T07:29:53Z,96.0,Charge 5
2024-06-08T07:29:58Z,95.0,Charge 5
2024-06-08T07:30:13Z,95.0,Charge 5
2024-06-08T07:30:18Z,95.0,Charge 5
2024-06-08T07:30:23Z,96.0,Charge 5
2024-06-08T07:30:33Z,94.0,Charge 5
2024-06-08T07:30:48Z,94.0,Charge 5
2024-06-08T07:31:03Z,94.0,Charge 5
2024-06-08T07:31:08Z,96.0,Charge 5
2024-06-08T07:31:13Z,97.0,Charge 5
2024-06-08T07:31:28Z,96.0,Charge 5
2024-06-08T07:31:38Z,98.0,Charge 5
2024-06-08T07:31:43Z,99.0,Charge 5
2024-06-08T07:31:58Z,99.0,Charge 5
2024-06-08T07:32:13Z,100.0,Charge 5
2024-06-08T07:32:18Z,101.0,Charge 5
2024-06-08T07:32:23Z,102.0,Charge 5
2024-06-08T07:32:28Z,103.0,Charge 5
2024-06-08T07:32:33Z,105.0,Charge 5
2024-06-08T07:32:38Z,108.0,Charge 5
2024-06-08T07:32:43Z,109.0,Charge 5
2024-06-08T07:32:48Z,108.0,Charge 5
2024-06-08T07:32:53Z,107.0,Charge 5
2024-06-08T07:32:58Z,104.0,Charge 5
2024-06-08T07:33:03Z,106.0,Charge 5
2024-06-08T07:33:08Z,107.0,Charge 5
2024-06-08T07:33:13Z,106.0,Charge 5
2024-06-08T07:33:18Z,103.0,Charge 5
2024-06-08T07:33:23Z,102.0,Charge 5
2024-06-08T07:33:33Z,101.0,Charge 5
2024-06-08T07:33:38Z,101.0,Charge 5
2024-06-08T07:33:48Z,102.0,Charge 5
2024-06-08T07:33:53Z,100.0,Charge 5
2024-06-08T07:34:03Z,99.0,Charge 5
2024-06-08T07:34:08Z,95.0,Charge 5
2024-06-08T07:34:13Z,97.0,Charge 5
2024-06-08T07:34:18Z,98.0,Charge 5
2024-06-08T07:34:23Z,100.0,Charge 5
2024-06-08T07:34:28Z,98.0,Charge 5
2024-06-08T07:34:33Z,100.0,Charge 5
2024-06-08T07:34:38Z,101.0,Charge 5
2024-06-08T07:34:43Z,100.0,Charge 5
2024-06-08T07:34:48Z,101.0,Charge 5
2024-06-08T07:34:58Z,103.0,Charge 5
2024-06-08T07:35:08Z,102.0,Charge 5
2024-06-08T07:35:13Z,103.0,Charge 5
2024-06-08T07:35:18Z,105.0,Charge 5
2024-06-08T07:35:23Z,105.0,Charge 5
2024-06-08T07:35:28Z,97.0,Charge 5
2024-06-08T07:35:33Z,89.0,Charge 5
2024-06-08T07:35:38Z,87.0,Charge 5
2024-06-08T07:35:43Z,86.0,Charge 5
2024-06-08T07:35:48Z,86.0,Charge 5
2024-06-08T07:35:53Z,85.0,Charge 5
2024-06-08T07:36:03Z,85.0,Charge 5
2024-06-08T07:36:18Z,85.0,Charge 5
2024-06-08T07:36:23Z,84.0,Charge 5
2024-06-08T07:36:28Z,84.0,Charge 5
2024-06-08T07:36:33Z,84.0,Charge 5
2024-06-08T07:36:48Z,84.0,Charge 5
2024-06-08T07:36:53Z,85.0,Charge 5
2024-06-08T07:37:08Z,84.0,Charge 5
2024-06-08T07:37:18Z,83.0,Charge 5
2024-06-08T07:37:23Z,81.0,Charge 5
2024-06-08T07:37:28Z,80.0,Charge 5
2024-06-08T07:37:38Z,80.0,Charge 5
2024-06-08T07:37:53Z,80.0,Charge 5
2024-06-08T07:38:03Z,81.0,Charge 5
2024-06-08T07:38:08Z,81.0,Charge 5
2024-06-08T07:38:23Z,79.0,Charge 5
2024-06-08T07:38:28Z,76.0,Charge 5
2024-06-08T07:38:38Z,77.0,Charge 5
2024-06-08T07:38:48Z,78.0,Charge 5
2024-06-08T07:38:53Z,79.0,Charge 5
2024-06-08T07:38:58Z,81.0,Charge 5
2024-06-08T07:39:08Z,83.0,Charge 5
2024-06-08T07:39:13Z,84.0,Charge 5
2024-06-08T07:39:23Z,85.0,Charge 5
2024-06-08T07:39:33Z,84.0,Charge 5
2024-06-08T07:39:43Z,85.0,Charge 5
2024-06-08T07:39:53Z,84.0,Charge 5
2024-06-08T07:39:58Z,83.0,Charge 5
2024-06-08T07:40:08Z,82.0,Charge 5
2024-06-08T07:40:18Z,82.0,Charge 5
2024-06-08T07:40:23Z,82.0,Charge 5
2024-06-08T07:40:28Z,81.0,Charge 5
2024-06-08T07:40:43Z,82.0,Charge 5
2024-06-08T07:40:58Z,82.0,Charge 5
2024-06-08T07:41:13Z,82.0,Charge 5
2024-06-08T07:41:18Z,83.0,Charge 5
2024-06-08T07:41:23Z,82.0,Charge 5
2024-06-08T07:41:28Z,83.0,Charge 5
2024-06-08T07:41:43Z,82.0,Charge 5
2024-06-08T07:41:49Z,82.0,Charge 5
2024-06-08T07:41:54Z,83.0,Charge 5
2024-06-08T07:42:04Z,84.0,Charge 5
2024-06-08T07:42:14Z,83.0,Charge 5
2024-06-08T07:42:29Z,83.0,Charge 5
2024-06-08T07:42:39Z,82.0,Charge 5
2024-06-08T07:42:44Z,81.0,Charge 5
2024-06-08T07:42:49Z,82.0,Charge 5
2024-06-08T07:42:54Z,81.0,Charge 5
2024-06-08T07:42:59Z,82.0,Charge 5
2024-06-08T07:43:04Z,81.0,Charge 5
2024-06-08T07:43:14Z,80.0,Charge 5
2024-06-08T07:43:29Z,80.0,Charge 5
2024-06-08T07:43:34Z,82.0,Charge 5
2024-06-08T07:43:44Z,82.0,Charge 5
2024-06-08T07:43:49Z,82.0,Charge 5
2024-06-08T07:43:54Z,82.0,Charge 5
2024-06-08T07:44:09Z,83.0,Charge 5
2024-06-08T07:44:14Z,81.0,Charge 5
2024-06-08T07:44:24Z,81.0,Charge 5
2024-06-08T07:44:39Z,81.0,Charge 5
2024-06-08T07:44:54Z,81.0,Charge 5
2024-06-08T07:45:04Z,82.0,Charge 5
2024-06-08T07:45:09Z,82.0,Charge 5
2024-06-08T07:45:14Z,82.0,Charge 5
2024-06-08T07:45:24Z,82.0,Charge 5
2024-06-08T07:45:29Z,82.0,Charge 5
2024-06-08T07:45:34Z,82.0,Charge 5
2024-06-08T07:45:49Z,83.0,Charge 5
2024-06-08T07:46:04Z,83.0,Charge 5
2024-06-08T07:46:09Z,85.0,Charge 5
2024-06-08T07:46:24Z,84.0,Charge 5
2024-06-08T07:46:29Z,83.0,Charge 5
2024-06-08T07:46:44Z,82.0,Charge 5
2024-06-08T07:46:54Z,81.0,Charge 5
2024-06-08T07:47:09Z,81.0,Charge 5
2024-06-08T07:47:14Z,81.0,Charge 5
2024-06-08T07:47:29Z,81.0,Charge 5
2024-06-08T07:47:44Z,81.0,Charge 5
2024-06-08T07:47:59Z,81.0,Charge 5
2024-06-08T07:48:04Z,80.0,Charge 5
2024-06-08T07:48:14Z,80.0,Charge 5
2024-06-08T07:48:29Z,81.0,Charge 5
2024-06-08T07:48:44Z,82.0,Charge 5
2024-06-08T07:48:54Z,82.0,Charge 5
2024-06-08T07:49:09Z,82.0,Charge 5
2024-06-08T07:49:14Z,82.0,Charge 5
2024-06-08T07:49:19Z,82.0,Charge 5
2024-06-08T07:49:24Z,81.0,Charge 5
2024-06-08T07:49:34Z,81.0,Charge 5
2024-06-08T07:49:39Z,80.0,Charge 5
2024-06-08T07:49:44Z,81.0,Charge 5
2024-06-08T07:49:54Z,82.0,Charge 5
2024-06-08T07:49:59Z,81.0,Charge 5
2024-06-08T07:50:04Z,81.0,Charge 5
2024-06-08T07:50:09Z,82.0,Charge 5
2024-06-08T07:50:14Z,81.0,Charge 5
2024-06-08T07:50:19Z,77.0,Charge 5
2024-06-08T07:50:24Z,78.0,Charge 5
2024-06-08T07:50:29Z,79.0,Charge 5
2024-06-08T07:50:34Z,82.0,Charge 5
2024-06-08T07:50:49Z,83.0,Charge 5
2024-06-08T07:50:54Z,84.0,Charge 5
2024-06-08T07:50:59Z,85.0,Charge 5
2024-06-08T07:51:14Z,85.0,Charge 5
2024-06-08T07:51:19Z,84.0,Charge 5
2024-06-08T07:51:24Z,83.0,Charge 5
2024-06-08T07:51:29Z,82.0,Charge 5
2024-06-08T07:51:34Z,81.0,Charge 5
2024-06-08T07:51:39Z,78.0,Charge 5
2024-06-08T07:51:44Z,80.0,Charge 5
2024-06-08T07:51:49Z,82.0,Charge 5
2024-06-08T07:52:04Z,83.0,Charge 5
2024-06-08T07:52:09Z,83.0,Charge 5
2024-06-08T07:52:14Z,83.0,Charge 5
2024-06-08T07:52:19Z,82.0,Charge 5
2024-06-08T07:52:24Z,81.0,Charge 5
2024-06-08T07:52:29Z,80.0,Charge 5
2024-06-08T07:52:34Z,80.0,Charge 5
2024-06-08T07:52:49Z,80.0,Charge 5
2024-06-08T07:52:54Z,81.0,Charge 5
2024-06-08T07:52:59Z,81.0,Charge 5
2024-06-08T07:53:09Z,80.0,Charge 5
2024-06-08T07:53:14Z,80.0,Charge 5
2024-06-08T07:53:29Z,80.0,Charge 5
2024-06-08T07:53:34Z,81.0,Charge 5
2024-06-08T07:53:49Z,81.0,Charge 5
2024-06-08T07:53:59Z,82.0,Charge 5
2024-06-08T07:54:14Z,82.0,Charge 5
2024-06-08T07:54:19Z,81.0,Charge 5
2024-06-08T07:54:34Z,82.0,Charge 5
2024-06-08T07:54:44Z,83.0,Charge 5
2024-06-08T07:54:59Z,83.0,Charge 5
2024-06-08T07:55:09Z,84.0,Charge 5
2024-06-08T07:55:24Z,84.0,Charge 5
2024-06-08T07:55:39Z,86.0,Charge 5
2024-06-08T07:55:54Z,86.0,Charge 5
2024-06-08T07:55:59Z,85.0,Charge 5
2024-06-08T07:56:14Z,84.0,Charge 5
2024-06-08T07:56:24Z,83.0,Charge 5
2024-06-08T07:56:34Z,82.0,Charge 5
2024-06-08T07:56:39Z,82.0,Charge 5
2024-06-08T07:56:49Z,81.0,Charge 5
2024-06-08T07:56:53Z,81.0,Charge 5
2024-06-08T07:56:58Z,82.0,Charge 5
2024-06-08T07:57:03Z,81.0,Charge 5
2024-06-08T07:57:18Z,81.0,Charge 5
2024-06-08T07:57:28Z,82.0,Charge 5
2024-06-08T07:57:38Z,81.0,Charge 5
2024-06-08T07:57:43Z,82.0,Charge 5
2024-06-08T07:57:58Z,82.0,Charge 5
2024-06-08T07:58:13Z,82.0,Charge 5
2024-06-08T07:58:18Z,82.0,Charge 5
2024-06-08T07:58:23Z,81.0,Charge 5
2024-06-08T07:58:28Z,79.0,Charge 5
2024-06-08T07:58:38Z,79.0,Charge 5
2024-06-08T07:58:43Z,79.0,Charge 5
2024-06-08T07:58:48Z,80.0,Charge 5
2024-06-08T07:58:53Z,81.0,Charge 5
2024-06-08T07:59:03Z,81.0,Charge 5
2024-06-08T07:59:08Z,80.0,Charge 5
2024-06-08T07:59:18Z,81.0,Charge 5
2024-06-08T07:59:23Z,82.0,Charge 5
2024-06-08T07:59:28Z,81.0,Charge 5
2024-06-08T07:59:33Z,82.0,Charge 5
2024-06-08T07:59:43Z,82.0,Charge 5
2024-06-08T07:59:48Z,83.0,Charge 5
2024-06-08T08:00:03Z,82.0,Charge 5
2024-06-08T08:00:18Z,81.0,Charge 5
2024-06-08T08:00:23Z,82.0,Charge 5
2024-06-08T08:00:28Z,82.0,Charge 5
2024-06-08T08:00:33Z,81.0,Charge 5
2024-06-08T08:00:48Z,82.0,Charge 5
2024-06-08T08:00:53Z,83.0,Charge 5
2024-06-08T08:00:58Z,84.0,Charge 5
2024-06-08T08:01:03Z,83.0,Charge 5
2024-06-08T08:01:08Z,84.0,Charge 5
2024-06-08T08:01:13Z,86.0,Charge 5
2024-06-08T08:01:18Z,84.0,Charge 5
2024-06-08T08:01:28Z,83.0,Charge 5
2024-06-08T08:01:38Z,82.0,Charge 5
2024-06-08T08:01:43Z,81.0,Charge 5
2024-06-08T08:01:48Z,81.0,Charge 5
2024-06-08T08:01:58Z,82.0,Charge 5
2024-06-08T08:02:03Z,83.0,Charge 5
2024-06-08T08:02:08Z,85.0,Charge 5
2024-06-08T08:02:13Z,86.0,Charge 5
2024-06-08T08:02:28Z,86.0,Charge 5
2024-06-08T08:02:33Z,93.0,Charge 5
2024-06-08T08:02:38Z,100.0,Charge 5
2024-06-08T08:02:43Z,100.0,Charge 5
2024-06-08T08:02:58Z,100.0,Charge 5
2024-06-08T08:03:13Z,100.0,Charge 5
2024-06-08T08:03:18Z,99.0,Charge 5
2024-06-08T08:03:28Z,98.0,Charge 5
2024-06-08T08:03:33Z,97.0,Charge 5
2024-06-08T08:03:38Z,97.0,Charge 5
2024-06-08T08:03:43Z,97.0,Charge 5
2024-06-08T08:03:58Z,96.0,Charge 5
2024-06-08T08:04:13Z,96.0,Charge 5
2024-06-08T08:04:23Z,95.0,Charge 5
2024-06-08T08:04:28Z,96.0,Charge 5
2024-06-08T08:04:43Z,97.0,Charge 5
2024-06-08T08:04:48Z,98.0,Charge 5
2024-06-08T08:05:03Z,98.0,Charge 5
2024-06-08T08:05:08Z,97.0,Charge 5
2024-06-08T08:05:18Z,98.0,Charge 5
2024-06-08T08:05:28Z,99.0,Charge 5
2024-06-08T08:05:33Z,99.0,Charge 5
2024-06-08T08:05:48Z,100.0,Charge 5
2024-06-08T08:05:53Z,100.0,Charge 5
2024-06-08T08:05:58Z,99.0,Charge 5
2024-06-08T08:06:08Z,100.0,Charge 5
2024-06-08T08:06:13Z,101.0,Charge 5
2024-06-08T08:06:18Z,99.0,Charge 5
2024-06-08T08:06:23Z,97.0,Charge 5
2024-06-08T08:06:28Z,95.0,Charge 5
2024-06-08T08:06:33Z,93.0,Charge 5
2024-06-08T08:06:38Z,91.0,Charge 5
2024-06-08T08:06:53Z,91.0,Charge 5
2024-06-08T08:06:58Z,95.0,Charge 5
2024-06-08T08:07:03Z,96.0,Charge 5
2024-06-08T08:07:08Z,95.0,Charge 5
2024-06-08T08:07:13Z,93.0,Charge 5
2024-06-08T08:07:18Z,93.0,Charge 5
2024-06-08T08:07:23Z,95.0,Charge 5
2024-06-08T08:07:38Z,96.0,Charge 5
2024-06-08T08:07:48Z,95.0,Charge 5
2024-06-08T08:07:58Z,94.0,Charge 5
2024-06-08T08:08:03Z,93.0,Charge 5
2024-06-08T08:08:08Z,94.0,Charge 5
2024-06-08T08:08:13Z,95.0,Charge 5
2024-06-08T08:08:18Z,94.0,Charge 5
2024-06-08T08:08:23Z,94.0,Charge 5
2024-06-08T08:08:28Z,92.0,Charge 5
2024-06-08T08:08:38Z,92.0,Charge 5
2024-06-08T08:08:43Z,91.0,Charge 5
2024-06-08T08:08:48Z,90.0,Charge 5
2024-06-08T08:08:58Z,91.0,Charge 5
2024-06-08T08:09:08Z,92.0,Charge 5
2024-06-08T08:09:13Z,93.0,Charge 5
2024-06-08T08:09:18Z,93.0,Charge 5
2024-06-08T08:09:28Z,92.0,Charge 5
2024-06-08T08:09:33Z,93.0,Charge 5
2024-06-08T08:09:48Z,95.0,Charge 5
2024-06-08T08:09:53Z,96.0,Charge 5
2024-06-08T08:09:58Z,97.0,Charge 5
2024-06-08T08:10:13Z,97.0,Charge 5
2024-06-08T08:10:28Z,97.0,Charge 5
2024-06-08T08:10:33Z,98.0,Charge 5
2024-06-08T08:10:38Z,97.0,Charge 5
2024-06-08T08:10:43Z,96.0,Charge 5
2024-06-08T08:10:48Z,95.0,Charge 5
2024-06-08T08:10:53Z,94.0,Charge 5
2024-06-08T08:11:03Z,95.0,Charge 5
2024-06-08T08:11:13Z,93.0,Charge 5
2024-06-08T08:11:18Z,92.0,Charge 5
2024-06-08T08:11:28Z,93.0,Charge 5
2024-06-08T08:11:38Z,94.0,Charge 5
2024-06-08T08:11:53Z,95.0,Charge 5
2024-06-08T08:11:58Z,96.0,Charge 5
2024-06-08T08:12:13Z,96.0,Charge 5
2024-06-08T08:12:18Z,97.0,Charge 5
2024-06-08T08:12:33Z,96.0,Charge 5
2024-06-08T08:12:38Z,95.0,Charge 5
2024-06-08T08:12:53Z,95.0,Charge 5
2024-06-08T08:12:58Z,96.0,Charge 5
2024-06-08T08:13:08Z,97.0,Charge 5
2024-06-08T08:13:13Z,96.0,Charge 5
2024-06-08T08:13:23Z,95.0,Charge 5
2024-06-08T08:13:28Z,93.0,Charge 5
2024-06-08T08:13:33Z,92.0,Charge 5
2024-06-08T08:13:43Z,93.0,Charge 5
2024-06-08T08:13:48Z,95.0,Charge 5
2024-06-08T08:13:53Z,86.0,Charge 5
2024-06-08T08:13:58Z,85.0,Charge 5
2024-06-08T08:14:03Z,87.0,Charge 5
2024-06-08T08:14:08Z,88.0,Charge 5
2024-06-08T08:14:23Z,88.0,Charge 5
2024-06-08T08:14:28Z,89.0,Charge 5
2024-06-08T08:14:38Z,91.0,Charge 5
2024-06-08T08:14:43Z,90.0,Charge 5
2024-06-08T08:14:53Z,91.0,Charge 5
2024-06-08T08:14:58Z,92.0,Charge 5
2024-06-08T08:15:13Z,91.0,Charge 5
2024-06-08T08:15:18Z,92.0,Charge 5
2024-06-08T08:15:33Z,93.0,Charge 5
2024-06-08T08:15:43Z,92.0,Charge 5
2024-06-08T08:15:48Z,94.0,Charge 5
2024-06-08T08:15:53Z,93.0,Charge 5
2024-06-08T08:16:03Z,92.0,Charge 5
2024-06-08T08:16:18Z,93.0,Charge 5
2024-06-08T08:16:23Z,94.0,Charge 5
2024-06-08T08:16:28Z,97.0,Charge 5
2024-06-08T08:16:33Z,96.0,Charge 5
2024-06-08T08:16:38Z,95.0,Charge 5
2024-06-08T08:16:43Z,96.0,Charge 5
2024-06-08T08:16:53Z,96.0,Charge 5
2024-06-08T08:16:58Z,97.0,Charge 5
2024-06-08T08:17:03Z,97.0,Charge 5
2024-06-08T08:17:13Z,98.0,Charge 5
2024-06-08T08:17:28Z,98.0,Charge 5
2024-06-08T08:17:33Z,97.0,Charge 5
2024-06-08T08:17:38Z,96.0,Charge 5
2024-06-08T08:17:43Z,99.0,Charge 5
2024-06-08T08:17:48Z,98.0,Charge 5
2024-06-08T08:17:53Z,94.0,Charge 5
2024-06-08T08:17:58Z,102.0,Charge 5
2024-06-08T08:18:03Z,106.0,Charge 5
2024-06-08T08:18:08Z,108.0,Charge 5
2024-06-08T08:18:18Z,104.0,Charge 5
2024-06-08T08:18:23Z,101.0,Charge 5
2024-06-08T08:18:33Z,103.0,Charge 5
2024-06-08T08:18:38Z,107.0,Charge 5
2024-06-08T08:18:48Z,105.0,Charge 5
2024-06-08T08:18:53Z,103.0,Charge 5
2024-06-08T08:19:08Z,103.0,Charge 5
2024-06-08T08:19:13Z,105.0,Charge 5
2024-06-08T08:19:18Z,106.0,Charge 5
2024-06-08T08:19:23Z,105.0,Charge 5
2024-06-08T08:19:28Z,103.0,Charge 5
2024-06-08T08:19:33Z,100.0,Charge 5
2024-06-08T08:19:38Z,97.0,Charge 5
2024-06-08T08:19:43Z,89.0,Charge 5
2024-06-08T08:19:53Z,92.0,Charge 5
2024-06-08T08:19:58Z,94.0,Charge 5
2024-06-08T08:20:03Z,95.0,Charge 5
2024-06-08T08:20:08Z,98.0,Charge 5
2024-06-08T08:20:13Z,99.0,Charge 5
2024-06-08T08:20:18Z,97.0,Charge 5
2024-06-08T08:20:23Z,95.0,Charge 5
2024-06-08T08:20:28Z,94.0,Charge 5
2024-06-08T08:20:33Z,93.0,Charge 5
2024-06-08T08:20:38Z,95.0,Charge 5
2024-06-08T08:20:43Z,96.0,Charge 5
2024-06-08T08:20:48Z,97.0,Charge 5
2024-06-08T08:20:53Z,96.0,Charge 5
2024-06-08T08:20:58Z,95.0,Charge 5
2024-06-08T08:21:03Z,96.0,Charge 5
2024-06-08T08:21:08Z,97.0,Charge 5
2024-06-08T08:21:13Z,99.0,Charge 5
2024-06-08T08:21:18Z,100.0,Charge 5
2024-06-08T08:21:23Z,99.0,Charge 5
2024-06-08T08:21:28Z,98.0,Charge 5
2024-06-08T08:21:43Z,99.0,Charge 5
2024-06-08T08:21:48Z,100.0,Charge 5
2024-06-08T08:21:53Z,101.0,Charge 5
2024-06-08T08:21:58Z,99.0,Charge 5
2024-06-08T08:22:03Z,95.0,Charge 5
2024-06-08T08:22:08Z,98.0,Charge 5
2024-06-08T08:22:13Z,100.0,Charge 5
2024-06-08T08:22:18Z,102.0,Charge 5
2024-06-08T08:22:28Z,100.0,Charge 5
2024-06-08T08:22:33Z,98.0,Charge 5
2024-06-08T08:22:38Z,97.0,Charge 5
2024-06-08T08:22:43Z,99.0,Charge 5
2024-06-08T08:22:53Z,96.0,Charge 5
2024-06-08T08:22:58Z,95.0,Charge 5
2024-06-08T08:23:03Z,94.0,Charge 5
2024-06-08T08:23:08Z,93.0,Charge 5
2024-06-08T08:23:13Z,95.0,Charge 5
2024-06-08T08:23:23Z,93.0,Charge 5
2024-06-08T08:23:38Z,93.0,Charge 5
2024-06-08T08:23:43Z,96.0,Charge 5
2024-06-08T08:23:58Z,96.0,Charge 5
2024-06-08T08:24:13Z,94.0,Charge 5
2024-06-08T08:24:18Z,93.0,Charge 5
2024-06-08T08:24:23Z,92.0,Charge 5
2024-06-08T08:24:28Z,91.0,Charge 5
2024-06-08T08:24:33Z,90.0,Charge 5
2024-06-08T08:24:38Z,91.0,Charge 5
2024-06-08T08:24:43Z,92.0,Charge 5
2024-06-08T08:24:58Z,91.0,Charge 5
2024-06-08T08:25:03Z,93.0,Charge 5
2024-06-08T08:25:08Z,94.0,Charge 5
2024-06-08T08:25:18Z,93.0,Charge 5
2024-06-08T08:25:23Z,94.0,Charge 5
2024-06-08T08:25:33Z,92.0,Charge 5
2024-06-08T08:25:38Z,90.0,Charge 5
2024-06-08T08:25:53Z,88.0,Charge 5
2024-06-08T08:25:58Z,89.0,Charge 5
2024-06-08T08:26:03Z,91.0,Charge 5
2024-06-08T08:26:08Z,92.0,Charge 5
2024-06-08T08:26:13Z,93.0,Charge 5
2024-06-08T08:26:18Z,93.0,Charge 5
2024-06-08T08:26:23Z,94.0,Charge 5
2024-06-08T08:26:28Z,95.0,Charge 5
2024-06-08T08:26:33Z,94.0,Charge 5
2024-06-08T08:26:48Z,93.0,Charge 5
2024-06-08T08:26:58Z,94.0,Charge 5
2024-06-08T08:27:13Z,94.0,Charge 5
2024-06-08T08:27:18Z,96.0,Charge 5
2024-06-08T08:27:28Z,97.0,Charge 5
2024-06-08T08:27:33Z,95.0,Charge 5
2024-06-08T08:27:38Z,92.0,Charge 5
2024-06-08T08:27:43Z,91.0,Charge 5
2024-06-08T08:27:48Z,90.0,Charge 5
2024-06-08T08:28:03Z,90.0,Charge 5
2024-06-08T08:28:13Z,91.0,Charge 5
2024-06-08T08:28:18Z,92.0,Charge 5
2024-06-08T08:28:28Z,93.0,Charge 5
2024-06-08T08:28:43Z,95.0,Charge 5
2024-06-08T08:28:48Z,97.0,Charge 5
2024-06-08T08:28:58Z,98.0,Charge 5
2024-06-08T08:29:03Z,101.0,Charge 5
2024-06-08T08:29:08Z,100.0,Charge 5
2024-06-08T08:29:18Z,99.0,Charge 5
2024-06-08T08:29:23Z,98.0,Charge 5
2024-06-08T08:29:33Z,97.0,Charge 5
2024-06-08T08:29:38Z,92.0,Charge 5
2024-06-08T08:29:43Z,89.0,Charge 5
2024-06-08T08:29:48Z,90.0,Charge 5
2024-06-08T08:29:53Z,91.0,Charge 5
2024-06-08T08:30:08Z,92.0,Charge 5
2024-06-08T08:30:23Z,94.0,Charge 5
2024-06-08T08:30:28Z,97.0,Charge 5
2024-06-08T08:30:33Z,98.0,Charge 5
2024-06-08T08:30:38Z,99.0,Charge 5
2024-06-08T08:30:43Z,100.0,Charge 5
2024-06-08T08:30:58Z,103.0,Charge 5
2024-06-08T08:31:13Z,103.0,Charge 5
2024-06-08T08:31:24Z,104.0,Charge 5
2024-06-08T08:31:29Z,105.0,Charge 5
2024-06-08T08:31:34Z,107.0,Charge 5
2024-06-08T08:31:39Z,106.0,Charge 5
2024-06-08T08:31:49Z,105.0,Charge 5
2024-06-08T08:32:04Z,103.0,Charge 5
2024-06-08T08:32:19Z,102.0,Charge 5
2024-06-08T08:32:29Z,101.0,Charge 5
2024-06-08T08:32:34Z,98.0,Charge 5
2024-06-08T08:32:39Z,101.0,Charge 5
2024-06-08T08:32:49Z,98.0,Charge 5
2024-06-08T08:32:54Z,95.0,Charge 5
2024-06-08T08:32:59Z,96.0,Charge 5
2024-06-08T08:33:04Z,98.0,Charge 5
2024-06-08T08:33:09Z,100.0,Charge 5
2024-06-08T08:33:14Z,99.0,Charge 5
2024-06-08T08:33:29Z,99.0,Charge 5
2024-06-08T08:33:44Z,99.0,Charge 5
2024-06-08T08:33:49Z,98.0,Charge 5
2024-06-08T08:33:54Z,97.0,Charge 5
2024-06-08T08:33:59Z,96.0,Charge 5
2024-06-08T08:34:04Z,95.0,Charge 5
2024-06-08T08:34:14Z,94.0,Charge 5
2024-06-08T08:34:24Z,95.0,Charge 5
2024-06-08T08:34:39Z,95.0,Charge 5
2024-06-08T08:34:49Z,96.0,Charge 5
2024-06-08T08:35:04Z,95.0,Charge 5
2024-06-08T08:35:09Z,95.0,Charge 5
2024-06-08T08:35:14Z,96.0,Charge 5
2024-06-08T08:35:19Z,95.0,Charge 5
2024-06-08T08:35:29Z,96.0,Charge 5
2024-06-08T08:35:34Z,94.0,Charge 5
2024-06-08T08:35:49Z,93.0,Charge 5
2024-06-08T08:35:54Z,94.0,Charge 5
2024-06-08T08:35:59Z,92.0,Charge 5
2024-06-08T08:36:04Z,93.0,Charge 5
2024-06-08T08:36:09Z,94.0,Charge 5
2024-06-08T08:36:14Z,96.0,Charge 5
2024-06-08T08:36:19Z,99.0,Charge 5
2024-06-08T08:36:24Z,98.0,Charge 5
2024-06-08T08:36:29Z,97.0,Charge 5
2024-06-08T08:36:34Z,99.0,Charge 5
2024-06-08T08:36:49Z,102.0,Charge 5
2024-06-08T08:36:54Z,100.0,Charge 5
2024-06-08T08:36:59Z,96.0,Charge 5
2024-06-08T08:37:04Z,95.0,Charge 5
2024-06-08T08:37:09Z,92.0,Charge 5
2024-06-08T08:37:14Z,91.0,Charge 5
2024-06-08T08:37:19Z,91.0,Charge 5
2024-06-08T08:37:29Z,94.0,Charge 5
2024-06-08T08:37:34Z,95.0,Charge 5
2024-06-08T08:37:49Z,94.0,Charge 5
2024-06-08T08:37:59Z,95.0,Charge 5
2024-06-08T08:38:09Z,95.0,Charge 5
2024-06-08T08:38:14Z,95.0,Charge 5
2024-06-08T08:38:19Z,94.0,Charge 5
2024-06-08T08:38:29Z,93.0,Charge 5
2024-06-08T08:38:44Z,93.0,Charge 5
2024-06-08T08:38:49Z,94.0,Charge 5
2024-06-08T08:38:54Z,96.0,Charge 5
2024-06-08T08:38:59Z,97.0,Charge 5
2024-06-08T08:39:04Z,96.0,Charge 5
2024-06-08T08:39:09Z,95.0,Charge 5
2024-06-08T08:39:14Z,93.0,Charge 5
2024-06-08T08:39:19Z,92.0,Charge 5
2024-06-08T08:39:24Z,92.0,Charge 5
2024-06-08T08:39:39Z,92.0,Charge 5
2024-06-08T08:39:54Z,92.0,Charge 5
2024-06-08T08:40:04Z,95.0,Charge 5
2024-06-08T08:40:19Z,95.0,Charge 5
2024-06-08T08:40:34Z,95.0,Charge 5
2024-06-08T08:40:44Z,98.0,Charge 5
2024-06-08T08:40:54Z,97.0,Charge 5
2024-06-08T08:41:09Z,95.0,Charge 5
2024-06-08T08:41:14Z,93.0,Charge 5
2024-06-08T08:41:19Z,92.0,Charge 5
2024-06-08T08:41:29Z,92.0,Charge 5
2024-06-08T08:41:34Z,93.0,Charge 5
2024-06-08T08:41:49Z,93.0,Charge 5
2024-06-08T08:41:54Z,92.0,Charge 5
2024-06-08T08:42:09Z,92.0,Charge 5
2024-06-08T08:42:14Z,92.0,Charge 5
2024-06-08T08:42:19Z,93.0,Charge 5
2024-06-08T08:42:24Z,95.0,Charge 5
2024-06-08T08:42:29Z,97.0,Charge 5
2024-06-08T08:42:34Z,98.0,Charge 5
2024-06-08T08:42:49Z,97.0,Charge 5
2024-06-08T08:42:59Z,98.0,Charge 5
2024-06-08T08:43:04Z,99.0,Charge 5
2024-06-08T08:43:09Z,100.0,Charge 5
2024-06-08T08:43:19Z,101.0,Charge 5
2024-06-08T08:43:24Z,98.0,Charge 5
2024-06-08T08:43:29Z,97.0,Charge 5
2024-06-08T08:43:39Z,97.0,Charge 5
2024-06-08T08:43:54Z,93.0,Charge 5
2024-06-08T08:43:59Z,87.0,Charge 5
2024-06-08T08:44:09Z,89.0,Charge 5
2024-06-08T08:44:14Z,94.0,Charge 5
2024-06-08T08:44:19Z,96.0,Charge 5
2024-06-08T08:44:29Z,95.0,Charge 5
2024-06-08T08:44:34Z,93.0,Charge 5
2024-06-08T08:44:39Z,94.0,Charge 5
2024-06-08T08:44:44Z,95.0,Charge 5
2024-06-08T08:44:49Z,96.0,Charge 5
2024-06-08T08:44:59Z,95.0,Charge 5
2024-06-08T08:45:09Z,96.0,Charge 5
2024-06-08T08:45:14Z,96.0,Charge 5
2024-06-08T08:45:19Z,94.0,Charge 5
2024-06-08T08:45:24Z,94.0,Charge 5
2024-06-08T08:45:29Z,96.0,Charge 5
2024-06-08T08:45:34Z,97.0,Charge 5
2024-06-08T08:45:39Z,100.0,Charge 5
2024-06-08T08:45:54Z,100.0,Charge 5
2024-06-08T08:46:04Z,101.0,Charge 5
2024-06-08T08:46:09Z,100.0,Charge 5
2024-06-08T08:46:14Z,101.0,Charge 5
2024-06-08T08:46:24Z,100.0,Charge 5
2024-06-08T08:46:28Z,96.0,Charge 5
2024-06-08T08:46:33Z,97.0,Charge 5
2024-06-08T08:46:38Z,98.0,Charge 5
2024-06-08T08:46:53Z,101.0,Charge 5
2024-06-08T08:46:58Z,102.0,Charge 5
2024-06-08T08:47:08Z,101.0,Charge 5
2024-06-08T08:47:13Z,102.0,Charge 5
2024-06-08T08:47:18Z,103.0,Charge 5
2024-06-08T08:47:33Z,105.0,Charge 5
2024-06-08T08:47:38Z,104.0,Charge 5
2024-06-08T08:47:43Z,97.0,Charge 5
2024-06-08T08:47:53Z,97.0,Charge 5
2024-06-08T08:48:03Z,100.0,Charge 5
2024-06-08T08:48:08Z,99.0,Charge 5
2024-06-08T08:48:13Z,96.0,Charge 5
2024-06-08T08:48:18Z,94.0,Charge 5
2024-06-08T08:48:28Z,95.0,Charge 5
2024-06-08T08:48:33Z,94.0,Charge 5
2024-06-08T08:48:48Z,94.0,Charge 5
2024-06-08T08:48:58Z,94.0,Charge 5
2024-06-08T08:49:08Z,93.0,Charge 5
2024-06-08T08:49:13Z,95.0,Charge 5
2024-06-08T08:49:18Z,97.0,Charge 5
2024-06-08T08:49:23Z,96.0,Charge 5
2024-06-08T08:49:33Z,98.0,Charge 5
2024-06-08T08:49:38Z,100.0,Charge 5
2024-06-08T08:49:43Z,101.0,Charge 5
2024-06-08T08:49:48Z,104.0,Charge 5
2024-06-08T08:49:53Z,105.0,Charge 5
2024-06-08T08:50:08Z,104.0,Charge 5
2024-06-08T08:50:18Z,106.0,Charge 5
2024-06-08T08:50:33Z,107.0,Charge 5
2024-06-08T08:50:48Z,106.0,Charge 5
2024-06-08T08:50:53Z,105.0,Charge 5
2024-06-08T08:51:03Z,106.0,Charge 5
2024-06-08T08:51:08Z,107.0,Charge 5
2024-06-08T08:51:13Z,106.0,Charge 5
2024-06-08T08:51:18Z,105.0,Charge 5
2024-06-08T08:51:23Z,98.0,Charge 5
2024-06-08T08:51:28Z,94.0,Charge 5
2024-06-08T08:51:33Z,92.0,Charge 5
2024-06-08T08:51:38Z,90.0,Charge 5
2024-06-08T08:51:43Z,89.0,Charge 5
2024-06-08T08:51:48Z,88.0,Charge 5
2024-06-08T08:51:53Z,88.0,Charge 5
2024-06-08T08:51:58Z,89.0,Charge 5
2024-06-08T08:52:03Z,88.0,Charge 5
2024-06-08T08:52:13Z,87.0,Charge 5
2024-06-08T08:52:18Z,86.0,Charge 5
2024-06-08T08:52:23Z,86.0,Charge 5
2024-06-08T08:52:28Z,87.0,Charge 5
2024-06-08T08:52:43Z,87.0,Charge 5
2024-06-08T08:52:53Z,86.0,Charge 5
2024-06-08T08:53:03Z,87.0,Charge 5
2024-06-08T08:53:08Z,87.0,Charge 5
2024-06-08T08:53:18Z,87.0,Charge 5
2024-06-08T08:53:28Z,85.0,Charge 5
2024-06-08T08:53:33Z,84.0,Charge 5
2024-06-08T08:53:43Z,85.0,Charge 5
2024-06-08T08:53:48Z,84.0,Charge 5
2024-06-08T08:54:03Z,85.0,Charge 5
2024-06-08T08:54:08Z,85.0,Charge 5
2024-06-08T08:54:13Z,84.0,Charge 5
2024-06-08T08:54:18Z,83.0,Charge 5
2024-06-08T08:54:28Z,83.0,Charge 5
2024-06-08T08:54:33Z,83.0,Charge 5
2024-06-08T08:54:38Z,84.0,Charge 5
2024-06-08T08:54:43Z,84.0,Charge 5
2024-06-08T08:54:53Z,85.0,Charge 5
2024-06-08T08:54:58Z,84.0,Charge 5
2024-06-08T08:55:03Z,82.0,Charge 5
2024-06-08T08:55:08Z,81.0,Charge 5
2024-06-08T08:55:13Z,82.0,Charge 5
2024-06-08T08:55:23Z,86.0,Charge 5
2024-06-08T08:55:28Z,87.0,Charge 5
2024-06-08T08:55:43Z,85.0,Charge 5
2024-06-08T08:55:48Z,83.0,Charge 5
2024-06-08T08:55:53Z,83.0,Charge 5
2024-06-08T08:56:03Z,90.0,Charge 5
2024-06-08T08:56:08Z,89.0,Charge 5
2024-06-08T08:56:13Z,86.0,Charge 5
2024-06-08T08:56:18Z,86.0,Charge 5
2024-06-08T08:56:23Z,87.0,Charge 5
2024-06-08T08:56:28Z,88.0,Charge 5
2024-06-08T08:56:38Z,89.0,Charge 5
2024-06-08T08:56:43Z,90.0,Charge 5
2024-06-08T08:56:48Z,91.0,Charge 5
2024-06-08T08:56:53Z,92.0,Charge 5
2024-06-08T08:57:03Z,91.0,Charge 5
2024-06-08T08:57:08Z,83.0,Charge 5
2024-06-08T08:57:13Z,73.0,Charge 5
2024-06-08T08:57:18Z,77.0,Charge 5
2024-06-08T08:57:23Z,78.0,Charge 5
2024-06-08T08:57:28Z,79.0,Charge 5
2024-06-08T08:57:33Z,82.0,Charge 5
2024-06-08T08:57:38Z,80.0,Charge 5
2024-06-08T08:57:43Z,80.0,Charge 5
2024-06-08T08:57:48Z,81.0,Charge 5
2024-06-08T08:58:03Z,82.0,Charge 5
2024-06-08T08:58:08Z,83.0,Charge 5
2024-06-08T08:58:13Z,85.0,Charge 5
2024-06-08T08:58:18Z,87.0,Charge 5
2024-06-08T08:58:28Z,88.0,Charge 5
2024-06-08T08:58:43Z,88.0,Charge 5
2024-06-08T08:58:48Z,89.0,Charge 5
2024-06-08T08:58:53Z,90.0,Charge 5
2024-06-08T08:59:08Z,93.0,Charge 5
2024-06-08T08:59:13Z,99.0,Charge 5
2024-06-08T08:59:28Z,99.0,Charge 5
2024-06-08T08:59:38Z,100.0,Charge 5
2024-06-08T08:59:48Z,101.0,Charge 5
2024-06-08T08:59:53Z,100.0,Charge 5
2024-06-08T08:59:58Z,98.0,Charge 5
2024-06-08T09:00:03Z,95.0,Charge 5
2024-06-08T09:00:08Z,96.0,Charge 5
2024-06-08T09:00:13Z,97.0,Charge 5
2024-06-08T09:00:18Z,98.0,Charge 5
2024-06-08T09:00:28Z,94.0,Charge 5
2024-06-08T09:00:38Z,96.0,Charge 5
2024-06-08T09:00:43Z,98.0,Charge 5
2024-06-08T09:00:53Z,99.0,Charge 5
2024-06-08T09:00:58Z,100.0,Charge 5
2024-06-08T09:01:03Z,101.0,Charge 5
2024-06-08T09:01:08Z,102.0,Charge 5
2024-06-08T09:01:13Z,101.0,Charge 5
2024-06-08T09:01:18Z,100.0,Charge 5
2024-06-08T09:01:23Z,101.0,Charge 5
2024-06-08T09:01:28Z,103.0,Charge 5
2024-06-08T09:01:38Z,104.0,Charge 5
2024-06-08T09:01:43Z,105.0,Charge 5
2024-06-08T09:01:58Z,105.0,Charge 5
2024-06-08T09:02:03Z,104.0,Charge 5
2024-06-08T09:02:08Z,101.0,Charge 5
2024-06-08T09:02:18Z,99.0,Charge 5
2024-06-08T09:02:23Z,95.0,Charge 5
2024-06-08T09:02:28Z,98.0,Charge 5
2024-06-08T09:02:33Z,99.0,Charge 5
2024-06-08T09:02:38Z,100.0,Charge 5
2024-06-08T09:02:53Z,100.0,Charge 5
2024-06-08T09:02:58Z,102.0,Charge 5
2024-06-08T09:03:03Z,103.0,Charge 5
2024-06-08T09:03:13Z,102.0,Charge 5
2024-06-08T09:03:18Z,101.0,Charge 5
2024-06-08T09:03:23Z,100.0,Charge 5
2024-06-08T09:03:28Z,101.0,Charge 5
2024-06-08T09:03:38Z,100.0,Charge 5
2024-06-08T09:03:43Z,99.0,Charge 5
2024-06-08T09:03:53Z,101.0,Charge 5
2024-06-08T09:03:58Z,102.0,Charge 5
2024-06-08T09:04:03Z,106.0,Charge 5
2024-06-08T09:04:08Z,105.0,Charge 5
2024-06-08T09:04:13Z,104.0,Charge 5
2024-06-08T09:04:18Z,103.0,Charge 5
2024-06-08T09:04:23Z,98.0,Charge 5
2024-06-08T09:04:33Z,100.0,Charge 5
2024-06-08T09:04:38Z,98.0,Charge 5
2024-06-08T09:04:43Z,98.0,Charge 5
2024-06-08T09:04:48Z,97.0,Charge 5
2024-06-08T09:04:53Z,95.0,Charge 5
2024-06-08T09:04:58Z,96.0,Charge 5
2024-06-08T09:05:03Z,94.0,Charge 5
2024-06-08T09:05:08Z,92.0,Charge 5
2024-06-08T09:05:13Z,90.0,Charge 5
2024-06-08T09:05:18Z,89.0,Charge 5
2024-06-08T09:05:23Z,90.0,Charge 5
2024-06-08T09:05:38Z,92.0,Charge 5
2024-06-08T09:05:43Z,95.0,Charge 5
2024-06-08T09:05:48Z,93.0,Charge 5
2024-06-08T09:05:53Z,88.0,Charge 5
2024-06-08T09:05:58Z,86.0,Charge 5
2024-06-08T09:06:03Z,87.0,Charge 5
2024-06-08T09:08:10Z,70.0,Charge 5
2024-06-08T09:08:20Z,82.0,Charge 5
2024-06-08T09:08:25Z,94.0,Charge 5
2024-06-08T09:08:30Z,101.0,Charge 5
2024-06-08T09:08:35Z,99.0,Charge 5
2024-06-08T09:08:40Z,103.0,Charge 5
2024-06-08T09:08:45Z,100.0,Charge 5
2024-06-08T09:08:50Z,99.0,Charge 5
2024-06-08T09:08:55Z,98.0,Charge 5
2024-06-08T09:09:05Z,99.0,Charge 5
2024-06-08T09:09:10Z,98.0,Charge 5
2024-06-08T09:09:15Z,101.0,Charge 5
2024-06-08T09:09:20Z,104.0,Charge 5
2024-06-08T09:09:25Z,104.0,Charge 5
2024-06-08T09:09:35Z,103.0,Charge 5
2024-06-08T09:09:45Z,104.0,Charge 5
2024-06-08T09:09:50Z,103.0,Charge 5
2024-06-08T09:09:55Z,102.0,Charge 5
2024-06-08T09:10:00Z,103.0,Charge 5
2024-06-08T09:10:05Z,102.0,Charge 5
2024-06-08T09:10:10Z,100.0,Charge 5
2024-06-08T09:10:15Z,99.0,Charge 5
2024-06-08T09:10:20Z,95.0,Charge 5
2024-06-08T09:10:25Z,91.0,Charge 5
2024-06-08T09:10:30Z,94.0,Charge 5
2024-06-08T09:10:35Z,99.0,Charge 5
2024-06-08T09:10:40Z,102.0,Charge 5
2024-06-08T09:10:45Z,101.0,Charge 5
2024-06-08T09:10:50Z,100.0,Charge 5
2024-06-08T09:10:55Z,99.0,Charge 5
2024-06-08T09:11:00Z,98.0,Charge 5
2024-06-08T09:11:15Z,100.0,Charge 5
2024-06-08T09:11:20Z,98.0,Charge 5
2024-06-08T09:11:30Z,97.0,Charge 5
2024-06-08T09:11:45Z,97.0,Charge 5
2024-06-08T09:11:50Z,98.0,Charge 5
2024-06-08T09:11:55Z,99.0,Charge 5
2024-06-08T09:12:10Z,100.0,Charge 5
2024-06-08T09:12:15Z,99.0,Charge 5
2024-06-08T09:12:20Z,96.0,Charge 5
2024-06-08T09:12:25Z,100.0,Charge 5
2024-06-08T09:12:30Z,102.0,Charge 5
2024-06-08T09:12:35Z,103.0,Charge 5
2024-06-08T09:12:40Z,104.0,Charge 5
2024-06-08T09:12:50Z,105.0,Charge 5
2024-06-08T09:12:55Z,103.0,Charge 5
2024-06-08T09:13:00Z,99.0,Charge 5
2024-06-08T09:13:15Z,99.0,Charge 5
2024-06-08T09:13:20Z,97.0,Charge 5
2024-06-08T09:13:25Z,93.0,Charge 5
2024-06-08T09:13:30Z,94.0,Charge 5
2024-06-08T09:13:35Z,99.0,Charge 5
2024-06-08T09:13:41Z,101.0,Charge 5
2024-06-08T09:13:56Z,99.0,Charge 5
2024-06-08T09:14:01Z,94.0,Charge 5
2024-06-08T09:14:06Z,92.0,Charge 5
2024-06-08T09:14:11Z,93.0,Charge 5
2024-06-08T09:14:16Z,92.0,Charge 5
2024-06-08T09:14:26Z,90.0,Charge 5
2024-06-08T09:14:31Z,91.0,Charge 5
2024-06-08T09:14:36Z,90.0,Charge 5
2024-06-08T09:14:41Z,89.0,Charge 5
2024-06-08T09:14:51Z,88.0,Charge 5
2024-06-08T09:14:56Z,88.0,Charge 5
2024-06-08T09:15:01Z,88.0,Charge 5
2024-06-08T09:15:06Z,87.0,Charge 5
2024-06-08T09:15:16Z,88.0,Charge 5
2024-06-08T09:15:26Z,89.0,Charge 5
2024-06-08T09:15:31Z,90.0,Charge 5
2024-06-08T09:15:41Z,91.0,Charge 5
2024-06-08T09:15:46Z,93.0,Charge 5
2024-06-08T09:15:51Z,91.0,Charge 5
2024-06-08T09:15:56Z,89.0,Charge 5
2024-06-08T09:16:01Z,88.0,Charge 5
2024-06-08T09:16:06Z,87.0,Charge 5
2024-06-08T09:16:11Z,86.0,Charge 5
2024-06-08T09:16:16Z,85.0,Charge 5
2024-06-08T09:16:31Z,85.0,Charge 5
2024-06-08T09:16:46Z,86.0,Charge 5
2024-06-08T09:16:51Z,86.0,Charge 5
2024-06-08T09:17:06Z,87.0,Charge 5
2024-06-08T09:17:11Z,86.0,Charge 5
2024-06-08T09:17:21Z,85.0,Charge 5
2024-06-08T09:17:26Z,84.0,Charge 5
2024-06-08T09:17:41Z,85.0,Charge 5
2024-06-08T09:17:46Z,84.0,Charge 5
2024-06-08T09:18:01Z,85.0,Charge 5
2024-06-08T09:18:16Z,86.0,Charge 5
2024-06-08T09:18:31Z,90.0,Charge 5
2024-06-08T09:18:41Z,89.0,Charge 5
2024-06-08T09:18:46Z,87.0,Charge 5
2024-06-08T09:19:01Z,87.0,Charge 5
2024-06-08T09:19:06Z,88.0,Charge 5
2024-06-08T09:19:16Z,87.0,Charge 5
2024-06-08T09:19:26Z,87.0,Charge 5
2024-06-08T09:19:31Z,86.0,Charge 5
2024-06-08T09:19:36Z,86.0,Charge 5
2024-06-08T09:19:41Z,86.0,Charge 5
2024-06-08T09:19:46Z,88.0,Charge 5
2024-06-08T09:19:51Z,85.0,Charge 5
2024-06-08T09:19:56Z,84.0,Charge 5
2024-06-08T09:20:01Z,85.0,Charge 5
2024-06-08T09:20:06Z,86.0,Charge 5
2024-06-08T09:20:11Z,90.0,Charge 5
2024-06-08T09:20:16Z,92.0,Charge 5
2024-06-08T09:20:21Z,91.0,Charge 5
2024-06-08T09:20:26Z,89.0,Charge 5
2024-06-08T09:20:31Z,87.0,Charge 5
2024-06-08T09:20:36Z,86.0,Charge 5
2024-06-08T09:20:51Z,86.0,Charge 5
2024-06-08T09:21:06Z,86.0,Charge 5
2024-06-08T09:21:21Z,86.0,Charge 5
2024-06-08T09:21:26Z,86.0,Charge 5
2024-06-08T09:21:36Z,87.0,Charge 5
2024-06-08T09:21:41Z,88.0,Charge 5
2024-06-08T09:21:46Z,89.0,Charge 5
2024-06-08T09:21:51Z,88.0,Charge 5
2024-06-08T09:22:01Z,89.0,Charge 5
2024-06-08T09:22:06Z,87.0,Charge 5
2024-06-08T09:22:11Z,86.0,Charge 5
2024-06-08T09:22:21Z,87.0,Charge 5
2024-06-08T09:22:36Z,86.0,Charge 5
2024-06-08T09:22:41Z,85.0,Charge 5
2024-06-08T09:22:46Z,84.0,Charge 5
2024-06-08T09:23:01Z,85.0,Charge 5
2024-06-08T09:23:06Z,86.0,Charge 5
2024-06-08T09:23:11Z,87.0,Charge 5
2024-06-08T09:23:16Z,90.0,Charge 5
2024-06-08T09:23:21Z,91.0,Charge 5
2024-06-08T09:23:31Z,91.0,Charge 5
2024-06-08T09:23:36Z,91.0,Charge 5
2024-06-08T09:23:46Z,93.0,Charge 5
2024-06-08T09:23:51Z,92.0,Charge 5
2024-06-08T09:23:56Z,90.0,Charge 5
2024-06-08T09:24:01Z,90.0,Charge 5
2024-06-08T09:24:06Z,88.0,Charge 5
2024-06-08T09:24:16Z,87.0,Charge 5
2024-06-08T09:24:21Z,86.0,Charge 5
2024-06-08T09:24:31Z,87.0,Charge 5
2024-06-08T09:24:36Z,87.0,Charge 5
2024-06-08T09:24:51Z,88.0,Charge 5
2024-06-08T09:25:01Z,90.0,Charge 5
2024-06-08T09:25:06Z,94.0,Charge 5
2024-06-08T09:25:16Z,96.0,Charge 5
2024-06-08T09:25:21Z,95.0,Charge 5
2024-06-08T09:25:26Z,93.0,Charge 5
2024-06-08T09:25:31Z,93.0,Charge 5
2024-06-08T09:25:36Z,92.0,Charge 5
2024-06-08T09:25:51Z,93.0,Charge 5
2024-06-08T09:25:56Z,92.0,Charge 5
2024-06-08T09:26:11Z,95.0,Charge 5
2024-06-08T09:26:16Z,95.0,Charge 5
2024-06-08T09:26:31Z,95.0,Charge 5
2024-06-08T09:26:41Z,96.0,Charge 5
2024-06-08T09:26:46Z,95.0,Charge 5
2024-06-08T09:27:01Z,95.0,Charge 5
2024-06-08T09:27:11Z,96.0,Charge 5
2024-06-08T09:27:16Z,95.0,Charge 5
2024-06-08T09:27:26Z,95.0,Charge 5
2024-06-08T09:27:31Z,92.0,Charge 5
2024-06-08T09:27:36Z,89.0,Charge 5
2024-06-08T09:27:46Z,90.0,Charge 5
2024-06-08T09:27:51Z,91.0,Charge 5
2024-06-08T09:27:56Z,90.0,Charge 5
2024-06-08T09:28:11Z,90.0,Charge 5
2024-06-08T09:28:21Z,91.0,Charge 5
2024-06-08T09:28:31Z,93.0,Charge 5
2024-06-08T09:28:36Z,95.0,Charge 5
2024-06-08T09:28:41Z,93.0,Charge 5
2024-06-08T09:28:44Z,91.0,Charge 5
2024-06-08T09:28:49Z,90.0,Charge 5
2024-06-08T09:29:04Z,88.0,Charge 5
2024-06-08T09:29:09Z,86.0,Charge 5
2024-06-08T09:29:19Z,86.0,Charge 5
2024-06-08T09:29:34Z,87.0,Charge 5
2024-06-08T09:29:39Z,86.0,Charge 5
2024-06-08T09:29:44Z,87.0,Charge 5
2024-06-08T09:29:49Z,88.0,Charge 5
2024-06-08T09:30:04Z,88.0,Charge 5
2024-06-08T09:30:14Z,90.0,Charge 5
2024-06-08T09:30:19Z,87.0,Charge 5
2024-06-08T09:30:24Z,80.0,Charge 5
2024-06-08T09:30:29Z,81.0,Charge 5
2024-06-08T09:30:34Z,83.0,Charge 5
2024-06-08T09:30:39Z,88.0,Charge 5
2024-06-08T09:30:54Z,87.0,Charge 5
2024-06-08T09:31:04Z,85.0,Charge 5
2024-06-08T09:31:09Z,85.0,Charge 5
2024-06-08T09:31:24Z,86.0,Charge 5
2024-06-08T09:31:34Z,89.0,Charge 5
2024-06-08T09:31:49Z,89.0,Charge 5
2024-06-08T09:32:04Z,88.0,Charge 5
2024-06-08T09:32:09Z,86.0,Charge 5
2024-06-08T09:32:19Z,87.0,Charge 5
2024-06-08T09:32:24Z,86.0,Charge 5
2024-06-08T09:32:29Z,87.0,Charge 5
2024-06-08T09:32:34Z,87.0,Charge 5
2024-06-08T09:32:49Z,87.0,Charge 5
2024-06-08T09:33:04Z,87.0,Charge 5
2024-06-08T09:33:19Z,87.0,Charge 5
2024-06-08T09:33:24Z,89.0,Charge 5
2024-06-08T09:33:34Z,91.0,Charge 5
2024-06-08T09:33:39Z,90.0,Charge 5
2024-06-08T09:33:44Z,88.0,Charge 5
2024-06-08T09:33:49Z,87.0,Charge 5
2024-06-08T09:33:54Z,88.0,Charge 5
2024-06-08T09:33:59Z,87.0,Charge 5
2024-06-08T09:34:04Z,87.0,Charge 5
2024-06-08T09:34:09Z,87.0,Charge 5
2024-06-08T09:34:14Z,88.0,Charge 5
2024-06-08T09:34:24Z,88.0,Charge 5
2024-06-08T09:34:29Z,87.0,Charge 5
2024-06-08T09:34:34Z,86.0,Charge 5
2024-06-08T09:34:49Z,88.0,Charge 5
2024-06-08T09:34:59Z,85.0,Charge 5
2024-06-08T09:35:04Z,84.0,Charge 5
2024-06-08T09:35:09Z,82.0,Charge 5
2024-06-08T09:35:14Z,82.0,Charge 5
2024-06-08T09:35:24Z,84.0,Charge 5
2024-06-08T09:35:29Z,85.0,Charge 5
2024-06-08T09:35:34Z,85.0,Charge 5
2024-06-08T09:35:39Z,86.0,Charge 5
2024-06-08T09:35:49Z,88.0,Charge 5
2024-06-08T09:35:54Z,88.0,Charge 5
2024-06-08T09:35:59Z,88.0,Charge 5
2024-06-08T09:36:04Z,87.0,Charge 5
2024-06-08T09:36:09Z,86.0,Charge 5
2024-06-08T09:36:14Z,85.0,Charge 5
2024-06-08T09:36:29Z,87.0,Charge 5
2024-06-08T09:36:34Z,88.0,Charge 5
2024-06-08T09:36:44Z,87.0,Charge 5
2024-06-08T09:36:54Z,87.0,Charge 5
2024-06-08T09:37:09Z,87.0,Charge 5
2024-06-08T09:37:19Z,86.0,Charge 5
2024-06-08T09:37:24Z,85.0,Charge 5
2024-06-08T09:37:39Z,84.0,Charge 5
2024-06-08T09:37:54Z,84.0,Charge 5
2024-06-08T09:37:59Z,84.0,Charge 5
2024-06-08T09:38:04Z,85.0,Charge 5
2024-06-08T09:38:14Z,87.0,Charge 5
2024-06-08T09:38:24Z,86.0,Charge 5
2024-06-08T09:38:29Z,85.0,Charge 5
2024-06-08T09:38:39Z,84.0,Charge 5
2024-06-08T09:38:44Z,84.0,Charge 5
2024-06-08T09:38:54Z,85.0,Charge 5
2024-06-08T09:38:59Z,86.0,Charge 5
2024-06-08T09:39:14Z,85.0,Charge 5
2024-06-08T09:39:29Z,85.0,Charge 5
2024-06-08T09:39:44Z,85.0,Charge 5
2024-06-08T09:39:49Z,84.0,Charge 5
2024-06-08T09:39:54Z,83.0,Charge 5
2024-06-08T09:39:59Z,83.0,Charge 5
2024-06-08T09:40:09Z,85.0,Charge 5
2024-06-08T09:40:14Z,87.0,Charge 5
2024-06-08T09:40:19Z,86.0,Charge 5
2024-06-08T09:40:24Z,84.0,Charge 5
2024-06-08T09:40:29Z,83.0,Charge 5
2024-06-08T09:40:34Z,84.0,Charge 5
2024-06-08T09:40:44Z,86.0,Charge 5
2024-06-08T09:40:49Z,85.0,Charge 5
2024-06-08T09:40:54Z,83.0,Charge 5
2024-06-08T09:40:59Z,82.0,Charge 5
2024-06-08T09:41:09Z,83.0,Charge 5
2024-06-08T09:41:19Z,82.0,Charge 5
2024-06-08T09:41:24Z,81.0,Charge 5
2024-06-08T09:41:29Z,82.0,Charge 5
2024-06-08T09:41:34Z,83.0,Charge 5
2024-06-08T09:41:44Z,82.0,Charge 5
2024-06-08T09:41:49Z,81.0,Charge 5
2024-06-08T09:41:59Z,81.0,Charge 5
2024-06-08T09:42:09Z,83.0,Charge 5
2024-06-08T09:42:14Z,85.0,Charge 5
2024-06-08T09:42:19Z,85.0,Charge 5
2024-06-08T09:42:29Z,84.0,Charge 5
2024-06-08T09:42:34Z,85.0,Charge 5
2024-06-08T09:42:44Z,86.0,Charge 5
2024-06-08T09:42:49Z,85.0,Charge 5
2024-06-08T09:42:54Z,85.0,Charge 5
2024-06-08T09:43:04Z,86.0,Charge 5
2024-06-08T09:43:09Z,88.0,Charge 5
2024-06-08T09:43:14Z,88.0,Charge 5
2024-06-08T09:43:19Z,84.0,Charge 5
2024-06-08T09:43:29Z,85.0,Charge 5
2024-06-08T09:43:34Z,89.0,Charge 5
2024-06-08T09:43:39Z,94.0,Charge 5
2024-06-08T09:43:44Z,92.0,Charge 5
2024-06-08T09:43:50Z,89.0,Charge 5
2024-06-08T09:43:55Z,88.0,Charge 5
2024-06-08T09:44:05Z,89.0,Charge 5
2024-06-08T09:44:10Z,88.0,Charge 5
2024-06-08T09:44:15Z,87.0,Charge 5
2024-06-08T09:44:20Z,86.0,Charge 5
2024-06-08T09:44:30Z,87.0,Charge 5
2024-06-08T09:44:45Z,87.0,Charge 5
2024-06-08T09:44:55Z,88.0,Charge 5
2024-06-08T09:45:00Z,89.0,Charge 5
2024-06-08T09:45:05Z,90.0,Charge 5
2024-06-08T09:45:10Z,89.0,Charge 5
2024-06-08T09:45:20Z,90.0,Charge 5
2024-06-08T09:45:35Z,88.0,Charge 5
2024-06-08T09:45:50Z,87.0,Charge 5
2024-06-08T09:46:00Z,87.0,Charge 5
2024-06-08T09:46:10Z,85.0,Charge 5
2024-06-08T09:46:20Z,86.0,Charge 5
2024-06-08T09:46:35Z,87.0,Charge 5
2024-06-08T09:46:40Z,86.0,Charge 5
2024-06-08T09:46:55Z,85.0,Charge 5
2024-06-08T09:47:00Z,84.0,Charge 5
2024-06-08T09:47:05Z,85.0,Charge 5
2024-06-08T09:47:15Z,86.0,Charge 5
2024-06-08T09:47:20Z,87.0,Charge 5
2024-06-08T09:47:25Z,86.0,Charge 5
2024-06-08T09:47:40Z,87.0,Charge 5
2024-06-08T09:47:45Z,87.0,Charge 5
2024-06-08T09:47:50Z,88.0,Charge 5
2024-06-08T09:48:00Z,87.0,Charge 5
2024-06-08T09:48:15Z,87.0,Charge 5
2024-06-08T09:48:20Z,88.0,Charge 5
2024-06-08T09:48:25Z,89.0,Charge 5
2024-06-08T09:48:30Z,93.0,Charge 5
2024-06-08T09:48:35Z,92.0,Charge 5
2024-06-08T09:48:40Z,91.0,Charge 5
2024-06-08T09:48:45Z,90.0,Charge 5
2024-06-08T09:48:50Z,89.0,Charge 5
2024-06-08T09:49:00Z,91.0,Charge 5
2024-06-08T09:49:05Z,94.0,Charge 5
2024-06-08T09:49:10Z,95.0,Charge 5
2024-06-08T09:49:15Z,97.0,Charge 5
2024-06-08T09:49:20Z,99.0,Charge 5
2024-06-08T09:49:30Z,97.0,Charge 5
2024-06-08T09:49:35Z,94.0,Charge 5
2024-06-08T09:49:40Z,93.0,Charge 5
2024-06-08T09:49:55Z,93.0,Charge 5
2024-06-08T09:50:00Z,95.0,Charge 5
2024-06-08T09:50:05Z,96.0,Charge 5
2024-06-08T09:50:10Z,98.0,Charge 5
2024-06-08T09:50:15Z,100.0,Charge 5
2024-06-08T09:50:25Z,103.0,Charge 5
2024-06-08T09:50:30Z,104.0,Charge 5
2024-06-08T09:50:35Z,103.0,Charge 5
2024-06-08T09:50:40Z,105.0,Charge 5
2024-06-08T09:50:45Z,105.0,Charge 5
2024-06-08T09:50:50Z,104.0,Charge 5
2024-06-08T09:50:55Z,104.0,Charge 5
2024-06-08T09:51:00Z,103.0,Charge 5
2024-06-08T09:51:05Z,102.0,Charge 5
2024-06-08T09:51:20Z,97.0,Charge 5
2024-06-08T09:51:25Z,96.0,Charge 5
2024-06-08T09:51:30Z,94.0,Charge 5
2024-06-08T09:51:35Z,92.0,Charge 5
2024-06-08T09:51:40Z,95.0,Charge 5
2024-06-08T09:51:45Z,96.0,Charge 5
2024-06-08T09:51:50Z,97.0,Charge 5
2024-06-08T09:51:55Z,96.0,Charge 5
2024-06-08T09:52:00Z,95.0,Charge 5
2024-06-08T09:52:15Z,95.0,Charge 5
2024-06-08T09:52:25Z,96.0,Charge 5
2024-06-08T09:52:30Z,97.0,Charge 5
2024-06-08T09:52:45Z,97.0,Charge 5
2024-06-08T09:53:00Z,97.0,Charge 5
2024-06-08T09:53:15Z,97.0,Charge 5
2024-06-08T09:53:20Z,99.0,Charge 5
2024-06-08T09:53:25Z,101.0,Charge 5
2024-06-08T09:53:35Z,100.0,Charge 5
2024-06-08T09:53:40Z,98.0,Charge 5
2024-06-08T09:53:55Z,98.0,Charge 5
2024-06-08T09:54:10Z,97.0,Charge 5
2024-06-08T09:54:15Z,94.0,Charge 5
2024-06-08T09:54:20Z,93.0,Charge 5
2024-06-08T09:54:35Z,93.0,Charge 5
2024-06-08T09:54:40Z,94.0,Charge 5
2024-06-08T09:54:45Z,95.0,Charge 5
2024-06-08T09:54:50Z,94.0,Charge 5
2024-06-08T09:54:55Z,93.0,Charge 5
2024-06-08T09:55:05Z,92.0,Charge 5
2024-06-08T09:55:10Z,94.0,Charge 5
2024-06-08T09:55:15Z,95.0,Charge 5
2024-06-08T09:55:20Z,94.0,Charge 5
2024-06-08T09:55:30Z,95.0,Charge 5
2024-06-08T09:55:35Z,97.0,Charge 5
2024-06-08T09:55:40Z,98.0,Charge 5
2024-06-08T09:55:45Z,99.0,Charge 5
2024-06-08T09:55:55Z,98.0,Charge 5
2024-06-08T09:56:00Z,100.0,Charge 5
2024-06-08T09:56:05Z,101.0,Charge 5
2024-06-08T09:56:10Z,103.0,Charge 5
2024-06-08T09:56:15Z,99.0,Charge 5
2024-06-08T09:56:20Z,97.0,Charge 5
2024-06-08T09:56:25Z,98.0,Charge 5
2024-06-08T09:56:30Z,96.0,Charge 5
2024-06-08T09:56:35Z,95.0,Charge 5
2024-06-08T09:56:50Z,96.0,Charge 5
2024-06-08T09:57:05Z,96.0,Charge 5
2024-06-08T09:57:15Z,97.0,Charge 5
2024-06-08T09:57:20Z,96.0,Charge 5
2024-06-08T09:57:25Z,97.0,Charge 5
2024-06-08T09:57:35Z,99.0,Charge 5
2024-06-08T09:57:45Z,100.0,Charge 5
2024-06-08T09:57:50Z,101.0,Charge 5
2024-06-08T09:57:55Z,100.0,Charge 5
2024-06-08T09:58:05Z,99.0,Charge 5
2024-06-08T09:58:10Z,100.0,Charge 5
2024-06-08T09:58:15Z,102.0,Charge 5
2024-06-08T09:58:20Z,106.0,Charge 5
2024-06-08T09:58:25Z,105.0,Charge 5
2024-06-08T09:58:30Z,103.0,Charge 5
2024-06-08T09:58:35Z,102.0,Charge 5
2024-06-08T09:58:45Z,101.0,Charge 5
2024-06-08T09:58:50Z,99.0,Charge 5
2024-06-08T09:59:00Z,103.0,Charge 5
2024-06-08T09:59:05Z,104.0,Charge 5
2024-06-08T09:59:10Z,105.0,Charge 5
2024-06-08T09:59:15Z,106.0,Charge 5
2024-06-08T09:59:20Z,104.0,Charge 5
2024-06-08T09:59:25Z,102.0,Charge 5
2024-06-08T09:59:30Z,101.0,Charge 5
2024-06-08T09:59:35Z,100.0,Charge 5
2024-06-08T09:59:40Z,98.0,Charge 5
2024-06-08T09:59:50Z,96.0,Charge 5
2024-06-08T09:59:55Z,99.0,Charge 5
2024-06-08T10:00:00Z,100.0,Charge 5
2024-06-08T10:00:05Z,103.0,Charge 5
2024-06-08T10:00:20Z,102.0,Charge 5
2024-06-08T10:00:25Z,103.0,Charge 5
2024-06-08T10:00:40Z,103.0,Charge 5
2024-06-08T10:00:50Z,105.0,Charge 5
2024-06-08T10:00:55Z,106.0,Charge 5
2024-06-08T10:01:10Z,104.0,Charge 5
2024-06-08T10:01:15Z,99.0,Charge 5
2024-06-08T10:01:20Z,95.0,Charge 5
2024-06-08T10:01:25Z,93.0,Charge 5
2024-06-08T10:01:30Z,93.0,Charge 5
2024-06-08T10:01:40Z,94.0,Charge 5
2024-06-08T10:01:50Z,95.0,Charge 5
2024-06-08T10:02:00Z,98.0,Charge 5
2024-06-08T10:02:05Z,101.0,Charge 5
2024-06-08T10:02:10Z,102.0,Charge 5
2024-06-08T10:02:25Z,103.0,Charge 5
2024-06-08T10:02:40Z,103.0,Charge 5
2024-06-08T10:02:45Z,102.0,Charge 5
2024-06-08T10:02:50Z,103.0,Charge 5
2024-06-08T10:02:55Z,104.0,Charge 5
2024-06-08T10:03:00Z,105.0,Charge 5
2024-06-08T10:03:05Z,104.0,Charge 5
2024-06-08T10:03:10Z,102.0,Charge 5
2024-06-08T10:03:20Z,103.0,Charge 5
2024-06-08T10:03:30Z,104.0,Charge 5
2024-06-08T10:03:45Z,103.0,Charge 5
2024-06-08T10:03:50Z,104.0,Charge 5
2024-06-08T10:04:00Z,103.0,Charge 5
2024-06-08T10:04:05Z,104.0,Charge 5
2024-06-08T10:04:15Z,105.0,Charge 5
2024-06-08T10:04:20Z,104.0,Charge 5
2024-06-08T10:04:25Z,102.0,Charge 5
2024-06-08T10:04:35Z,101.0,Charge 5
2024-06-08T10:04:40Z,102.0,Charge 5
2024-06-08T10:04:45Z,103.0,Charge 5
2024-06-08T10:04:50Z,101.0,Charge 5
2024-06-08T10:04:55Z,100.0,Charge 5
2024-06-08T10:05:00Z,99.0,Charge 5
2024-06-08T10:05:05Z,102.0,Charge 5
2024-06-08T10:05:10Z,105.0,Charge 5
2024-06-08T10:05:15Z,106.0,Charge 5
2024-06-08T10:05:20Z,100.0,Charge 5
2024-06-08T10:05:25Z,95.0,Charge 5
2024-06-08T10:05:30Z,94.0,Charge 5
2024-06-08T10:05:35Z,92.0,Charge 5
2024-06-08T10:05:40Z,91.0,Charge 5
2024-06-08T10:05:55Z,92.0,Charge 5
2024-06-08T10:06:00Z,92.0,Charge 5
2024-06-08T10:06:05Z,93.0,Charge 5
2024-06-08T10:06:10Z,96.0,Charge 5
2024-06-08T10:06:15Z,100.0,Charge 5
2024-06-08T10:06:20Z,101.0,Charge 5
2024-06-08T10:06:25Z,100.0,Charge 5
2024-06-08T10:06:30Z,103.0,Charge 5
2024-06-08T10:06:35Z,102.0,Charge 5
2024-06-08T10:06:45Z,103.0,Charge 5
2024-06-08T10:07:00Z,105.0,Charge 5
2024-06-08T10:07:05Z,108.0,Charge 5
2024-06-08T10:07:10Z,106.0,Charge 5
2024-06-08T10:07:15Z,105.0,Charge 5
2024-06-08T10:07:20Z,100.0,Charge 5
2024-06-08T10:07:25Z,101.0,Charge 5
2024-06-08T10:07:30Z,104.0,Charge 5
2024-06-08T10:07:35Z,105.0,Charge 5
2024-06-08T10:07:40Z,104.0,Charge 5
2024-06-08T10:07:45Z,103.0,Charge 5
2024-06-08T10:07:50Z,104.0,Charge 5
2024-06-08T10:07:55Z,110.0,Charge 5
2024-06-08T10:08:10Z,110.0,Charge 5
2024-06-08T10:08:15Z,111.0,Charge 5
2024-06-08T10:08:20Z,109.0,Charge 5
2024-06-08T10:08:25Z,106.0,Charge 5
2024-06-08T10:08:35Z,107.0,Charge 5
2024-06-08T10:08:40Z,110.0,Charge 5
2024-06-08T10:08:55Z,110.0,Charge 5
2024-06-08T10:09:00Z,107.0,Charge 5
2024-06-08T10:09:15Z,107.0,Charge 5
2024-06-08T10:09:20Z,106.0,Charge 5
2024-06-08T10:09:25Z,107.0,Charge 5
2024-06-08T10:09:30Z,106.0,Charge 5
2024-06-08T10:09:35Z,102.0,Charge 5
2024-06-08T10:09:40Z,103.0,Charge 5
2024-06-08T10:09:45Z,103.0,Charge 5
2024-06-08T10:09:50Z,106.0,Charge 5
2024-06-08T10:10:00Z,105.0,Charge 5
2024-06-08T10:10:05Z,106.0,Charge 5
2024-06-08T10:10:10Z,107.0,Charge 5
2024-06-08T10:10:15Z,105.0,Charge 5
2024-06-08T10:10:20Z,104.0,Charge 5
2024-06-08T10:10:25Z,100.0,Charge 5
2024-06-08T10:10:30Z,96.0,Charge 5
2024-06-08T10:10:35Z,96.0,Charge 5
2024-06-08T10:10:40Z,98.0,Charge 5
2024-06-08T10:10:45Z,100.0,Charge 5
2024-06-08T10:10:50Z,101.0,Charge 5
2024-06-08T10:10:55Z,102.0,Charge 5
2024-06-08T10:11:00Z,104.0,Charge 5
2024-06-08T10:11:10Z,105.0,Charge 5
2024-06-08T10:11:20Z,104.0,Charge 5
2024-06-08T10:11:25Z,103.0,Charge 5
2024-06-08T10:11:35Z,105.0,Charge 5
2024-06-08T10:11:40Z,106.0,Charge 5
2024-06-08T10:11:45Z,105.0,Charge 5
2024-06-08T10:11:50Z,103.0,Charge 5
2024-06-08T10:12:00Z,102.0,Charge 5
2024-06-08T10:12:10Z,101.0,Charge 5
2024-06-08T10:12:15Z,100.0,Charge 5
2024-06-08T10:12:20Z,101.0,Charge 5
2024-06-08T10:12:30Z,104.0,Charge 5
2024-06-08T10:12:35Z,102.0,Charge 5
2024-06-08T10:12:40Z,105.0,Charge 5
2024-06-08T10:12:45Z,108.0,Charge 5
2024-06-08T10:12:50Z,107.0,Charge 5
2024-06-08T10:12:55Z,104.0,Charge 5
2024-06-08T10:13:00Z,106.0,Charge 5
2024-06-08T10:13:05Z,109.0,Charge 5
2024-06-08T10:13:10Z,108.0,Charge 5
2024-06-08T10:13:15Z,100.0,Charge 5
2024-06-08T10:13:20Z,98.0,Charge 5
2024-06-08T10:13:25Z,97.0,Charge 5
2024-06-08T10:13:30Z,97.0,Charge 5
2024-06-08T10:13:35Z,96.0,Charge 5
2024-06-08T10:13:40Z,96.0,Charge 5
2024-06-08T10:13:45Z,95.0,Charge 5
2024-06-08T10:14:00Z,96.0,Charge 5
2024-06-08T10:14:05Z,95.0,Charge 5
2024-06-08T10:14:10Z,93.0,Charge 5
2024-06-08T10:14:15Z,92.0,Charge 5
2024-06-08T10:14:20Z,93.0,Charge 5
2024-06-08T10:14:25Z,93.0,Charge 5
2024-06-08T10:14:30Z,94.0,Charge 5
2024-06-08T10:14:40Z,92.0,Charge 5
2024-06-08T10:14:45Z,93.0,Charge 5
2024-06-08T10:14:50Z,96.0,Charge 5
2024-06-08T10:14:55Z,95.0,Charge 5
2024-06-08T10:15:00Z,94.0,Charge 5
2024-06-08T10:15:05Z,93.0,Charge 5
2024-06-08T10:15:10Z,91.0,Charge 5
2024-06-08T10:15:15Z,90.0,Charge 5
2024-06-08T10:15:25Z,91.0,Charge 5
2024-06-08T10:15:35Z,92.0,Charge 5
2024-06-08T10:15:40Z,93.0,Charge 5
2024-06-08T10:15:45Z,92.0,Charge 5
2024-06-08T10:16:00Z,92.0,Charge 5
2024-06-08T10:16:05Z,90.0,Charge 5
2024-06-08T10:16:20Z,91.0,Charge 5
2024-06-08T10:16:25Z,92.0,Charge 5
2024-06-08T10:16:30Z,93.0,Charge 5
2024-06-08T10:16:45Z,93.0,Charge 5
2024-06-08T10:16:50Z,94.0,Charge 5
2024-06-08T10:16:55Z,95.0,Charge 5
2024-06-08T10:17:00Z,93.0,Charge 5
2024-06-08T10:17:05Z,92.0,Charge 5
2024-06-08T10:17:10Z,91.0,Charge 5
2024-06-08T10:17:25Z,91.0,Charge 5
2024-06-08T10:17:30Z,90.0,Charge 5
2024-06-08T10:17:35Z,88.0,Charge 5
2024-06-08T10:17:40Z,87.0,Charge 5
2024-06-08T10:17:50Z,88.0,Charge 5
2024-06-08T10:18:00Z,89.0,Charge 5
2024-06-08T10:18:05Z,91.0,Charge 5
2024-06-08T10:18:10Z,92.0,Charge 5
2024-06-08T10:18:15Z,92.0,Charge 5
2024-06-08T10:18:30Z,90.0,Charge 5
2024-06-08T10:18:35Z,89.0,Charge 5
2024-06-08T10:18:40Z,91.0,Charge 5
2024-06-08T10:18:45Z,93.0,Charge 5
2024-06-08T10:18:50Z,91.0,Charge 5
2024-06-08T10:18:55Z,90.0,Charge 5
2024-06-08T10:19:05Z,89.0,Charge 5
2024-06-08T10:19:10Z,90.0,Charge 5
2024-06-08T10:19:15Z,91.0,Charge 5
2024-06-08T10:19:20Z,90.0,Charge 5
2024-06-08T10:19:30Z,91.0,Charge 5
2024-06-08T10:19:35Z,90.0,Charge 5
2024-06-08T10:19:40Z,90.0,Charge 5
2024-06-08T10:19:50Z,92.0,Charge 5
2024-06-08T10:19:55Z,95.0,Charge 5
2024-06-08T10:20:00Z,97.0,Charge 5
2024-06-08T10:20:05Z,99.0,Charge 5
2024-06-08T10:20:10Z,102.0,Charge 5
2024-06-08T10:20:15Z,103.0,Charge 5
2024-06-08T10:20:20Z,102.0,Charge 5
2024-06-08T10:20:25Z,101.0,Charge 5
2024-06-08T10:20:30Z,100.0,Charge 5
2024-06-08T10:20:45Z,101.0,Charge 5
2024-06-08T10:21:00Z,101.0,Charge 5
2024-06-08T10:21:05Z,100.0,Charge 5
2024-06-08T10:21:10Z,101.0,Charge 5
2024-06-08T10:21:15Z,102.0,Charge 5
2024-06-08T10:21:30Z,105.0,Charge 5
2024-06-08T10:21:35Z,107.0,Charge 5
2024-06-08T10:21:45Z,108.0,Charge 5
2024-06-08T10:21:50Z,109.0,Charge 5
2024-06-08T10:21:55Z,108.0,Charge 5
2024-06-08T10:22:00Z,107.0,Charge 5
2024-06-08T10:22:05Z,106.0,Charge 5
2024-06-08T10:22:10Z,98.0,Charge 5
2024-06-08T10:22:15Z,91.0,Charge 5
2024-06-08T10:22:20Z,92.0,Charge 5
2024-06-08T10:22:25Z,91.0,Charge 5
2024-06-08T10:22:30Z,90.0,Charge 5
2024-06-08T10:22:35Z,91.0,Charge 5
2024-06-08T10:22:45Z,89.0,Charge 5
2024-06-08T10:22:50Z,89.0,Charge 5
2024-06-08T10:23:05Z,90.0,Charge 5
2024-06-08T10:23:15Z,89.0,Charge 5
2024-06-08T10:23:20Z,88.0,Charge 5
2024-06-08T10:23:25Z,86.0,Charge 5
2024-06-08T10:23:40Z,84.0,Charge 5
2024-06-08T10:23:45Z,81.0,Charge 5
2024-06-08T10:23:50Z,82.0,Charge 5
2024-06-08T10:23:55Z,83.0,Charge 5
2024-06-08T10:24:10Z,84.0,Charge 5
2024-06-08T10:24:20Z,85.0,Charge 5
2024-06-08T10:24:25Z,85.0,Charge 5
2024-06-08T10:24:30Z,84.0,Charge 5
2024-06-08T10:24:35Z,83.0,Charge 5
2024-06-08T10:24:40Z,82.0,Charge 5
2024-06-08T10:24:45Z,85.0,Charge 5
2024-06-08T10:24:50Z,86.0,Charge 5
2024-06-08T10:25:05Z,86.0,Charge 5
2024-06-08T10:25:20Z,87.0,Charge 5
2024-06-08T10:25:30Z,86.0,Charge 5
2024-06-08T10:25:35Z,83.0,Charge 5
2024-06-08T10:25:40Z,85.0,Charge 5
2024-06-08T10:25:45Z,84.0,Charge 5
2024-06-08T10:25:50Z,84.0,Charge 5
2024-06-08T10:25:55Z,85.0,Charge 5
2024-06-08T10:26:00Z,84.0,Charge 5
2024-06-08T10:26:15Z,83.0,Charge 5
2024-06-08T10:26:25Z,84.0,Charge 5
2024-06-08T10:26:30Z,85.0,Charge 5
2024-06-08T10:26:40Z,87.0,Charge 5
2024-06-08T10:26:45Z,83.0,Charge 5
2024-06-08T10:26:50Z,82.0,Charge 5
2024-06-08T10:26:55Z,85.0,Charge 5
2024-06-08T10:27:05Z,85.0,Charge 5
2024-06-08T10:27:10Z,87.0,Charge 5
2024-06-08T10:27:15Z,88.0,Charge 5
2024-06-08T10:27:20Z,92.0,Charge 5
2024-06-08T10:27:25Z,93.0,Charge 5
2024-06-08T10:27:30Z,91.0,Charge 5
2024-06-08T10:27:35Z,92.0,Charge 5
2024-06-08T10:27:40Z,91.0,Charge 5
2024-06-08T10:27:55Z,88.0,Charge 5
2024-06-08T10:28:00Z,86.0,Charge 5
2024-06-08T10:28:05Z,87.0,Charge 5
2024-06-08T10:28:10Z,86.0,Charge 5
2024-06-08T10:28:15Z,86.0,Charge 5
2024-06-08T10:28:20Z,86.0,Charge 5
2024-06-08T10:28:25Z,85.0,Charge 5
2024-06-08T10:28:30Z,83.0,Charge 5
2024-06-08T10:28:35Z,82.0,Charge 5
2024-06-08T10:28:50Z,83.0,Charge 5
2024-06-08T10:29:00Z,82.0,Charge 5
2024-06-08T10:29:10Z,80.0,Charge 5
2024-06-08T10:29:20Z,82.0,Charge 5
2024-06-08T10:29:25Z,84.0,Charge 5
2024-06-08T10:29:30Z,85.0,Charge 5
2024-06-08T10:29:40Z,86.0,Charge 5
2024-06-08T10:29:50Z,85.0,Charge 5
2024-06-08T10:29:55Z,84.0,Charge 5
2024-06-08T10:30:00Z,84.0,Charge 5
2024-06-08T10:30:05Z,85.0,Charge 5
2024-06-08T10:30:10Z,84.0,Charge 5
2024-06-08T10:30:20Z,83.0,Charge 5
2024-06-08T10:30:30Z,83.0,Charge 5
2024-06-08T10:30:40Z,84.0,Charge 5
2024-06-08T10:30:45Z,85.0,Charge 5
2024-06-08T10:31:00Z,86.0,Charge 5
2024-06-08T10:31:15Z,86.0,Charge 5
2024-06-08T10:31:20Z,86.0,Charge 5
2024-06-08T10:31:30Z,87.0,Charge 5
2024-06-08T10:31:40Z,85.0,Charge 5
2024-06-08T10:31:45Z,85.0,Charge 5
2024-06-08T10:31:50Z,84.0,Charge 5
2024-06-08T10:31:55Z,83.0,Charge 5
2024-06-08T10:32:05Z,84.0,Charge 5
2024-06-08T10:32:10Z,83.0,Charge 5
2024-06-08T10:32:15Z,81.0,Charge 5
2024-06-08T10:32:20Z,82.0,Charge 5
2024-06-08T10:32:25Z,85.0,Charge 5
2024-06-08T10:32:30Z,84.0,Charge 5
2024-06-08T10:32:35Z,84.0,Charge 5
2024-06-08T10:32:50Z,85.0,Charge 5
2024-06-08T10:32:55Z,84.0,Charge 5
2024-06-08T10:33:00Z,83.0,Charge 5
2024-06-08T10:33:05Z,84.0,Charge 5
2024-06-08T10:33:10Z,82.0,Charge 5
2024-06-08T10:33:15Z,80.0,Charge 5
2024-06-08T10:33:20Z,80.0,Charge 5
2024-06-08T10:33:25Z,84.0,Charge 5
2024-06-08T10:33:30Z,85.0,Charge 5
2024-06-08T10:33:35Z,86.0,Charge 5
2024-06-08T10:33:40Z,87.0,Charge 5
2024-06-08T10:33:45Z,87.0,Charge 5
2024-06-08T10:33:50Z,87.0,Charge 5
2024-06-08T10:34:00Z,87.0,Charge 5
2024-06-08T10:34:05Z,85.0,Charge 5
2024-06-08T10:34:20Z,86.0,Charge 5
2024-06-08T10:34:25Z,86.0,Charge 5
2024-06-08T10:34:30Z,85.0,Charge 5
2024-06-08T10:34:35Z,84.0,Charge 5
2024-06-08T10:34:45Z,86.0,Charge 5
2024-06-08T10:34:55Z,87.0,Charge 5
2024-06-08T10:35:00Z,88.0,Charge 5
2024-06-08T10:35:05Z,87.0,Charge 5
2024-06-08T10:35:10Z,87.0,Charge 5
2024-06-08T10:35:25Z,86.0,Charge 5
2024-06-08T10:35:30Z,84.0,Charge 5
2024-06-08T10:35:35Z,84.0,Charge 5
2024-06-08T10:35:40Z,85.0,Charge 5
2024-06-08T10:35:45Z,83.0,Charge 5
2024-06-08T10:36:00Z,84.0,Charge 5
2024-06-08T10:36:10Z,85.0,Charge 5
2024-06-08T10:36:15Z,84.0,Charge 5
2024-06-08T10:36:30Z,86.0,Charge 5
2024-06-08T10:36:35Z,85.0,Charge 5
2024-06-08T10:36:45Z,84.0,Charge 5
2024-06-08T10:36:50Z,85.0,Charge 5
2024-06-08T10:37:00Z,85.0,Charge 5
2024-06-08T10:37:15Z,86.0,Charge 5
2024-06-08T10:37:20Z,86.0,Charge 5
2024-06-08T10:37:25Z,84.0,Charge 5
2024-06-08T10:37:30Z,84.0,Charge 5
2024-06-08T10:37:40Z,85.0,Charge 5
2024-06-08T10:37:50Z,87.0,Charge 5
2024-06-08T10:37:55Z,85.0,Charge 5
2024-06-08T10:38:00Z,85.0,Charge 5
2024-06-08T10:38:05Z,86.0,Charge 5
2024-06-08T10:38:20Z,86.0,Charge 5
2024-06-08T10:38:35Z,83.0,Charge 5
2024-06-08T10:38:40Z,84.0,Charge 5
2024-06-08T10:38:45Z,85.0,Charge 5
2024-06-08T10:38:50Z,86.0,Charge 5
2024-06-08T10:38:55Z,88.0,Charge 5
2024-06-08T10:39:10Z,90.0,Charge 5
2024-06-08T10:39:15Z,90.0,Charge 5
2024-06-08T10:39:30Z,90.0,Charge 5
2024-06-08T10:39:45Z,91.0,Charge 5
2024-06-08T10:39:50Z,92.0,Charge 5
2024-06-08T10:39:55Z,93.0,Charge 5
2024-06-08T10:40:10Z,93.0,Charge 5
2024-06-08T10:40:15Z,94.0,Charge 5
2024-06-08T10:40:20Z,98.0,Charge 5
2024-06-08T10:40:25Z,101.0,Charge 5
2024-06-08T10:40:35Z,102.0,Charge 5
2024-06-08T10:40:40Z,103.0,Charge 5
2024-06-08T10:40:45Z,104.0,Charge 5
2024-06-08T10:40:50Z,105.0,Charge 5
2024-06-08T10:40:55Z,106.0,Charge 5
2024-06-08T10:41:00Z,107.0,Charge 5
2024-06-08T10:41:10Z,107.0,Charge 5
2024-06-08T10:41:15Z,106.0,Charge 5
2024-06-08T10:41:30Z,106.0,Charge 5
2024-06-08T10:41:35Z,105.0,Charge 5
2024-06-08T10:41:40Z,103.0,Charge 5
2024-06-08T10:41:45Z,96.0,Charge 5
2024-06-08T10:41:50Z,89.0,Charge 5
2024-06-08T10:41:55Z,89.0,Charge 5
2024-06-08T10:42:05Z,94.0,Charge 5
2024-06-08T10:42:10Z,95.0,Charge 5
2024-06-08T10:42:25Z,95.0,Charge 5
2024-06-08T10:42:40Z,96.0,Charge 5
2024-06-08T10:42:55Z,96.0,Charge 5
2024-06-08T10:43:00Z,95.0,Charge 5
2024-06-08T10:43:05Z,95.0,Charge 5
2024-06-08T10:43:10Z,96.0,Charge 5
2024-06-08T10:43:25Z,95.0,Charge 5
2024-06-08T10:43:40Z,95.0,Charge 5
2024-06-08T10:43:55Z,95.0,Charge 5
2024-06-08T10:44:05Z,96.0,Charge 5
2024-06-08T10:44:15Z,97.0,Charge 5
2024-06-08T10:44:20Z,98.0,Charge 5
2024-06-08T10:44:25Z,97.0,Charge 5
2024-06-08T10:44:30Z,94.0,Charge 5
2024-06-08T10:44:35Z,94.0,Charge 5
2024-06-08T10:44:41Z,94.0,Charge 5
2024-06-08T10:44:46Z,93.0,Charge 5
2024-06-08T10:44:51Z,90.0,Charge 5
2024-06-08T10:44:56Z,87.0,Charge 5
2024-06-08T10:45:06Z,86.0,Charge 5
2024-06-08T10:45:11Z,88.0,Charge 5
2024-06-08T10:45:16Z,98.0,Charge 5
2024-06-08T10:45:21Z,97.0,Charge 5
2024-06-08T10:45:26Z,96.0,Charge 5
2024-06-08T10:45:41Z,97.0,Charge 5
2024-06-08T10:45:56Z,97.0,Charge 5
2024-06-08T10:46:01Z,98.0,Charge 5
2024-06-08T10:46:06Z,97.0,Charge 5
2024-06-08T10:46:16Z,100.0,Charge 5
2024-06-08T10:46:21Z,101.0,Charge 5
2024-06-08T10:46:26Z,103.0,Charge 5
2024-06-08T10:46:31Z,102.0,Charge 5
2024-06-08T10:46:36Z,98.0,Charge 5
2024-06-08T10:46:51Z,98.0,Charge 5
2024-06-08T10:46:56Z,95.0,Charge 5
2024-06-08T10:47:01Z,96.0,Charge 5
2024-06-08T10:47:11Z,99.0,Charge 5
2024-06-08T10:47:16Z,100.0,Charge 5
2024-06-08T10:47:21Z,101.0,Charge 5
2024-06-08T10:47:26Z,102.0,Charge 5
2024-06-08T10:47:31Z,101.0,Charge 5
2024-06-08T10:47:36Z,101.0,Charge 5
2024-06-08T10:47:41Z,109.0,Charge 5
2024-06-08T10:47:46Z,110.0,Charge 5
2024-06-08T10:47:51Z,107.0,Charge 5
2024-06-08T10:47:56Z,106.0,Charge 5
2024-06-08T10:48:06Z,107.0,Charge 5
2024-06-08T10:48:11Z,105.0,Charge 5
2024-06-08T10:48:16Z,102.0,Charge 5
2024-06-08T10:48:21Z,104.0,Charge 5
2024-06-08T10:48:26Z,102.0,Charge 5
2024-06-08T10:48:31Z,100.0,Charge 5
2024-06-08T10:48:36Z,101.0,Charge 5
2024-06-08T10:48:41Z,102.0,Charge 5
2024-06-08T10:48:46Z,101.0,Charge 5
2024-06-08T10:48:56Z,103.0,Charge 5
2024-06-08T10:49:01Z,105.0,Charge 5
2024-06-08T10:49:06Z,107.0,Charge 5
2024-06-08T10:49:11Z,106.0,Charge 5
2024-06-08T10:49:16Z,103.0,Charge 5
2024-06-08T10:49:21Z,104.0,Charge 5
2024-06-08T10:49:26Z,106.0,Charge 5
2024-06-08T10:49:31Z,108.0,Charge 5
2024-06-08T10:49:36Z,107.0,Charge 5
2024-06-08T10:49:51Z,107.0,Charge 5
2024-06-08T10:49:56Z,108.0,Charge 5
2024-06-08T10:50:01Z,109.0,Charge 5
2024-06-08T10:50:06Z,109.0,Charge 5
2024-06-08T10:50:11Z,111.0,Charge 5
2024-06-08T10:50:16Z,112.0,Charge 5
2024-06-08T10:50:21Z,109.0,Charge 5
2024-06-08T10:50:26Z,114.0,Charge 5
2024-06-08T10:50:31Z,118.0,Charge 5
2024-06-08T10:50:36Z,121.0,Charge 5
2024-06-08T10:50:41Z,122.0,Charge 5
2024-06-08T10:50:46Z,123.0,Charge 5
2024-06-08T10:50:51Z,124.0,Charge 5
2024-06-08T10:50:56Z,123.0,Charge 5
2024-06-08T10:51:01Z,121.0,Charge 5
2024-06-08T10:51:06Z,119.0,Charge 5
2024-06-08T10:51:11Z,117.0,Charge 5
2024-06-08T10:51:16Z,116.0,Charge 5
2024-06-08T10:51:31Z,117.0,Charge 5
2024-06-08T10:51:41Z,115.0,Charge 5
2024-06-08T10:51:51Z,114.0,Charge 5
2024-06-08T10:51:56Z,111.0,Charge 5
2024-06-08T10:52:11Z,107.0,Charge 5
2024-06-08T10:52:16Z,104.0,Charge 5
2024-06-08T10:52:26Z,105.0,Charge 5
2024-06-08T10:52:36Z,106.0,Charge 5
2024-06-08T10:52:41Z,104.0,Charge 5
2024-06-08T10:52:46Z,102.0,Charge 5
2024-06-08T10:52:51Z,101.0,Charge 5
2024-06-08T10:52:56Z,100.0,Charge 5
2024-06-08T10:53:01Z,95.0,Charge 5
2024-06-08T10:53:06Z,93.0,Charge 5
2024-06-08T10:53:11Z,95.0,Charge 5
2024-06-08T10:53:26Z,95.0,Charge 5
2024-06-08T10:53:36Z,96.0,Charge 5
2024-06-08T10:53:41Z,94.0,Charge 5
2024-06-08T10:53:46Z,93.0,Charge 5
2024-06-08T10:53:56Z,92.0,Charge 5
2024-06-08T10:54:01Z,91.0,Charge 5
2024-06-08T10:54:06Z,90.0,Charge 5
2024-06-08T10:54:16Z,89.0,Charge 5
2024-06-08T10:54:31Z,89.0,Charge 5
2024-06-08T10:54:46Z,89.0,Charge 5
2024-06-08T10:55:01Z,89.0,Charge 5
2024-06-08T10:55:06Z,90.0,Charge 5
2024-06-08T10:55:11Z,91.0,Charge 5
2024-06-08T10:55:16Z,92.0,Charge 5
2024-06-08T10:55:21Z,93.0,Charge 5
2024-06-08T10:55:26Z,91.0,Charge 5
2024-06-08T10:55:31Z,90.0,Charge 5
2024-06-08T10:55:36Z,88.0,Charge 5
2024-06-08T10:55:41Z,89.0,Charge 5
2024-06-08T10:55:46Z,90.0,Charge 5
2024-06-08T10:55:51Z,91.0,Charge 5
2024-06-08T10:55:56Z,90.0,Charge 5
2024-06-08T10:56:01Z,89.0,Charge 5
2024-06-08T10:56:16Z,89.0,Charge 5
2024-06-08T10:56:21Z,88.0,Charge 5
2024-06-08T10:56:26Z,86.0,Charge 5
2024-06-08T10:56:31Z,85.0,Charge 5
2024-06-08T10:56:46Z,85.0,Charge 5
2024-06-08T10:56:56Z,84.0,Charge 5
2024-06-08T10:57:06Z,83.0,Charge 5
2024-06-08T10:57:11Z,84.0,Charge 5
2024-06-08T10:57:21Z,85.0,Charge 5
2024-06-08T10:57:26Z,86.0,Charge 5
2024-06-08T10:57:31Z,87.0,Charge 5
2024-06-08T10:57:36Z,86.0,Charge 5
2024-06-08T10:57:41Z,86.0,Charge 5
2024-06-08T10:57:51Z,87.0,Charge 5
2024-06-08T10:57:56Z,85.0,Charge 5
2024-06-08T10:58:01Z,83.0,Charge 5
2024-06-08T10:58:06Z,84.0,Charge 5
2024-06-08T10:58:11Z,85.0,Charge 5
2024-06-08T10:58:26Z,86.0,Charge 5
2024-06-08T10:58:31Z,85.0,Charge 5
2024-06-08T10:58:46Z,84.0,Charge 5
2024-06-08T10:58:51Z,84.0,Charge 5
2024-06-08T10:58:56Z,85.0,Charge 5
2024-06-08T10:59:01Z,88.0,Charge 5
2024-06-08T10:59:06Z,91.0,Charge 5
2024-06-08T10:59:11Z,93.0,Charge 5
2024-06-08T10:59:16Z,89.0,Charge 5
2024-06-08T10:59:21Z,88.0,Charge 5
2024-06-08T10:59:26Z,88.0,Charge 5
2024-06-08T10:59:45Z,88.0,Charge 5
2024-06-08T11:00:00Z,87.0,Charge 5
2024-06-08T11:00:05Z,88.0,Charge 5
2024-06-08T11:00:20Z,87.0,Charge 5
2024-06-08T11:00:25Z,88.0,Charge 5
2024-06-08T11:00:30Z,89.0,Charge 5
2024-06-08T11:00:35Z,91.0,Charge 5
2024-06-08T11:00:40Z,86.0,Charge 5
2024-06-08T11:00:45Z,85.0,Charge 5
2024-06-08T11:01:00Z,86.0,Charge 5
2024-06-08T11:01:05Z,87.0,Charge 5
2024-06-08T11:01:10Z,87.0,Charge 5
2024-06-08T11:01:15Z,86.0,Charge 5
2024-06-08T11:01:20Z,84.0,Charge 5
2024-06-08T11:01:30Z,84.0,Charge 5
2024-06-08T11:01:35Z,85.0,Charge 5
2024-06-08T11:01:45Z,86.0,Charge 5
2024-06-08T11:01:50Z,87.0,Charge 5
2024-06-08T11:02:05Z,87.0,Charge 5
2024-06-08T11:02:20Z,88.0,Charge 5
2024-06-08T11:02:30Z,89.0,Charge 5
2024-06-08T11:02:35Z,90.0,Charge 5
2024-06-08T11:02:40Z,90.0,Charge 5
2024-06-08T11:02:45Z,91.0,Charge 5
2024-06-08T11:03:00Z,91.0,Charge 5
2024-06-08T11:03:05Z,90.0,Charge 5
2024-06-08T11:03:10Z,89.0,Charge 5
2024-06-08T11:03:15Z,89.0,Charge 5
2024-06-08T11:03:30Z,91.0,Charge 5
2024-06-08T11:03:45Z,91.0,Charge 5
2024-06-08T11:03:50Z,89.0,Charge 5
2024-06-08T11:04:05Z,89.0,Charge 5
2024-06-08T11:04:10Z,88.0,Charge 5
2024-06-08T11:04:25Z,88.0,Charge 5
2024-06-08T11:04:30Z,87.0,Charge 5
2024-06-08T11:04:45Z,87.0,Charge 5
2024-06-08T11:04:55Z,88.0,Charge 5
2024-06-08T11:05:10Z,92.0,Charge 5
2024-06-08T11:05:15Z,94.0,Charge 5
2024-06-08T11:05:30Z,93.0,Charge 5
2024-06-08T11:05:45Z,93.0,Charge 5
2024-06-08T11:06:00Z,92.0,Charge 5
2024-06-08T11:06:05Z,90.0,Charge 5
2024-06-08T11:06:10Z,88.0,Charge 5
2024-06-08T11:06:25Z,88.0,Charge 5
2024-06-08T11:06:35Z,88.0,Charge 5
2024-06-08T11:06:40Z,87.0,Charge 5
2024-06-08T11:06:45Z,86.0,Charge 5
2024-06-08T11:06:50Z,84.0,Charge 5
2024-06-08T11:06:55Z,84.0,Charge 5
2024-06-08T11:07:10Z,84.0,Charge 5
2024-06-08T11:07:25Z,84.0,Charge 5
2024-06-08T11:07:35Z,84.0,Charge 5
2024-06-08T11:07:50Z,84.0,Charge 5
2024-06-08T11:07:55Z,84.0,Charge 5
2024-06-08T11:08:05Z,85.0,Charge 5
2024-06-08T11:08:15Z,85.0,Charge 5
2024-06-08T11:08:20Z,88.0,Charge 5
2024-06-08T11:08:25Z,89.0,Charge 5
2024-06-08T11:08:40Z,89.0,Charge 5
2024-06-08T11:08:55Z,88.0,Charge 5
2024-06-08T11:09:00Z,88.0,Charge 5
2024-06-08T11:09:15Z,88.0,Charge 5
2024-06-08T11:09:30Z,88.0,Charge 5
2024-06-08T11:09:35Z,87.0,Charge 5
2024-06-08T11:09:50Z,87.0,Charge 5
2024-06-08T11:10:00Z,87.0,Charge 5
2024-06-08T11:10:15Z,87.0,Charge 5
2024-06-08T11:10:30Z,87.0,Charge 5
2024-06-08T11:10:40Z,88.0,Charge 5
2024-06-08T11:10:55Z,88.0,Charge 5
2024-06-08T11:11:10Z,88.0,Charge 5
2024-06-08T11:11:25Z,87.0,Charge 5
2024-06-08T11:11:40Z,87.0,Charge 5
2024-06-08T11:11:45Z,86.0,Charge 5
2024-06-08T11:12:00Z,86.0,Charge 5
2024-06-08T11:12:15Z,86.0,Charge 5
2024-06-08T11:12:25Z,85.0,Charge 5
2024-06-08T11:12:40Z,85.0,Charge 5
2024-06-08T11:12:55Z,85.0,Charge 5
2024-06-08T11:13:10Z,85.0,Charge 5
2024-06-08T11:13:15Z,86.0,Charge 5
2024-06-08T11:13:20Z,86.0,Charge 5
2024-06-08T11:13:35Z,86.0,Charge 5
2024-06-08T11:13:50Z,86.0,Charge 5
2024-06-08T11:14:05Z,87.0,Charge 5
2024-06-08T11:14:10Z,89.0,Charge 5
2024-06-08T11:14:20Z,90.0,Charge 5
2024-06-08T11:14:25Z,88.0,Charge 5
2024-06-08T11:14:30Z,88.0,Charge 5
2024-06-08T11:14:35Z,87.0,Charge 5
2024-06-08T11:14:50Z,87.0,Charge 5
2024-06-08T11:15:05Z,87.0,Charge 5
2024-06-08T11:15:20Z,87.0,Charge 5
2024-06-08T11:15:25Z,88.0,Charge 5
2024-06-08T11:15:30Z,89.0,Charge 5
2024-06-08T11:15:40Z,89.0,Charge 5
2024-06-08T11:15:45Z,88.0,Charge 5
2024-06-08T11:16:00Z,89.0,Charge 5
2024-06-08T11:16:15Z,88.0,Charge 5
2024-06-08T11:16:30Z,88.0,Charge 5
2024-06-08T11:16:45Z,88.0,Charge 5
2024-06-08T11:16:50Z,89.0,Charge 5
2024-06-08T11:16:55Z,90.0,Charge 5
2024-06-08T11:17:00Z,88.0,Charge 5
2024-06-08T11:17:05Z,86.0,Charge 5
2024-06-08T11:17:10Z,86.0,Charge 5
2024-06-08T11:17:25Z,86.0,Charge 5
2024-06-08T11:17:30Z,86.0,Charge 5
2024-06-08T11:17:45Z,86.0,Charge 5
2024-06-08T11:18:00Z,86.0,Charge 5
2024-06-08T11:18:05Z,85.0,Charge 5
2024-06-08T11:18:20Z,85.0,Charge 5
2024-06-08T11:18:35Z,85.0,Charge 5
2024-06-08T11:18:40Z,85.0,Charge 5
2024-06-08T11:18:55Z,95.0,Charge 5
2024-06-08T11:19:00Z,97.0,Charge 5
2024-06-08T11:19:10Z,96.0,Charge 5
2024-06-08T11:19:15Z,92.0,Charge 5
2024-06-08T11:19:20Z,90.0,Charge 5
2024-06-08T11:19:35Z,89.0,Charge 5
2024-06-08T11:19:50Z,93.0,Charge 5
2024-06-08T11:19:55Z,95.0,Charge 5
2024-06-08T11:20:10Z,94.0,Charge 5
2024-06-08T11:20:15Z,93.0,Charge 5
2024-06-08T11:20:30Z,93.0,Charge 5
2024-06-08T11:20:35Z,92.0,Charge 5
2024-06-08T11:20:45Z,91.0,Charge 5
2024-06-08T11:20:50Z,90.0,Charge 5
2024-06-08T11:21:00Z,86.0,Charge 5
2024-06-08T11:21:05Z,82.0,Charge 5
2024-06-08T11:21:10Z,87.0,Charge 5
2024-06-08T11:21:15Z,88.0,Charge 5
2024-06-08T11:21:25Z,89.0,Charge 5
2024-06-08T11:21:30Z,89.0,Charge 5
2024-06-08T11:21:45Z,89.0,Charge 5
2024-06-08T11:21:50Z,90.0,Charge 5
2024-06-08T11:21:55Z,91.0,Charge 5
2024-06-08T11:22:00Z,90.0,Charge 5
2024-06-08T11:22:15Z,90.0,Charge 5
2024-06-08T11:22:20Z,88.0,Charge 5
2024-06-08T11:22:35Z,89.0,Charge 5
2024-06-08T11:22:40Z,89.0,Charge 5
2024-06-08T11:22:50Z,90.0,Charge 5
2024-06-08T11:23:05Z,90.0,Charge 5
2024-06-08T11:23:15Z,89.0,Charge 5
2024-06-08T11:23:25Z,88.0,Charge 5
2024-06-08T11:23:30Z,87.0,Charge 5
2024-06-08T11:23:40Z,88.0,Charge 5
2024-06-08T11:23:45Z,87.0,Charge 5
2024-06-08T11:23:50Z,86.0,Charge 5
2024-06-08T11:23:55Z,87.0,Charge 5
2024-06-08T11:24:10Z,87.0,Charge 5
2024-06-08T11:24:15Z,88.0,Charge 5
2024-06-08T11:24:30Z,88.0,Charge 5
2024-06-08T11:24:40Z,89.0,Charge 5
2024-06-08T11:24:45Z,88.0,Charge 5
2024-06-08T11:25:00Z,90.0,Charge 5
2024-06-08T11:25:05Z,91.0,Charge 5
2024-06-08T11:25:20Z,91.0,Charge 5
2024-06-08T11:25:30Z,90.0,Charge 5
2024-06-08T11:25:35Z,90.0,Charge 5
2024-06-08T11:25:50Z,90.0,Charge 5
2024-06-08T11:25:55Z,91.0,Charge 5
2024-06-08T11:26:10Z,92.0,Charge 5
2024-06-08T11:26:15Z,93.0,Charge 5
2024-06-08T11:26:20Z,94.0,Charge 5
2024-06-08T11:26:30Z,93.0,Charge 5
2024-06-08T11:26:45Z,95.0,Charge 5
2024-06-08T11:26:50Z,96.0,Charge 5
2024-06-08T11:26:55Z,98.0,Charge 5
2024-06-08T11:27:00Z,99.0,Charge 5
2024-06-08T11:27:05Z,98.0,Charge 5
2024-06-08T11:27:10Z,96.0,Charge 5
2024-06-08T11:27:15Z,95.0,Charge 5
2024-06-08T11:27:20Z,94.0,Charge 5
2024-06-08T11:27:25Z,93.0,Charge 5
2024-06-08T11:27:30Z,91.0,Charge 5
2024-06-08T11:27:35Z,90.0,Charge 5
2024-06-08T11:27:40Z,88.0,Charge 5
2024-06-08T11:27:50Z,88.0,Charge 5
2024-06-08T11:28:00Z,89.0,Charge 5
2024-06-08T11:28:15Z,89.0,Charge 5
2024-06-08T11:28:30Z,89.0,Charge 5
2024-06-08T11:28:45Z,89.0,Charge 5
2024-06-08T11:28:50Z,88.0,Charge 5
2024-06-08T11:29:00Z,89.0,Charge 5
2024-06-08T11:29:05Z,91.0,Charge 5
2024-06-08T11:29:10Z,92.0,Charge 5
2024-06-08T11:29:20Z,93.0,Charge 5
2024-06-08T11:29:30Z,95.0,Charge 5
2024-06-08T11:29:35Z,97.0,Charge 5
2024-06-08T11:29:40Z,96.0,Charge 5
2024-06-08T11:29:45Z,94.0,Charge 5
2024-06-08T11:29:55Z,95.0,Charge 5
2024-06-08T11:30:00Z,95.0,Charge 5
2024-06-08T11:30:05Z,96.0,Charge 5
2024-06-08T11:30:20Z,92.0,Charge 5
2024-06-08T11:30:25Z,89.0,Charge 5
2024-06-08T11:30:40Z,88.0,Charge 5
2024-06-08T11:30:55Z,90.0,Charge 5
2024-06-08T11:31:00Z,91.0,Charge 5
2024-06-08T11:31:05Z,90.0,Charge 5
2024-06-08T11:31:10Z,88.0,Charge 5
2024-06-08T11:31:25Z,88.0,Charge 5
2024-06-08T11:31:30Z,89.0,Charge 5
2024-06-08T11:31:35Z,92.0,Charge 5
2024-06-08T11:31:40Z,93.0,Charge 5
2024-06-08T11:31:45Z,94.0,Charge 5
2024-06-08T11:31:50Z,95.0,Charge 5
2024-06-08T11:32:05Z,95.0,Charge 5
2024-06-08T11:32:20Z,94.0,Charge 5
2024-06-08T11:32:25Z,92.0,Charge 5
2024-06-08T11:32:30Z,91.0,Charge 5
2024-06-08T11:32:35Z,92.0,Charge 5
2024-06-08T11:32:40Z,93.0,Charge 5
2024-06-08T11:32:50Z,92.0,Charge 5
2024-06-08T11:33:05Z,90.0,Charge 5
2024-06-08T11:33:10Z,91.0,Charge 5
2024-06-08T11:33:20Z,92.0,Charge 5
2024-06-08T11:33:35Z,93.0,Charge 5
2024-06-08T11:33:40Z,90.0,Charge 5
2024-06-08T11:33:50Z,91.0,Charge 5
2024-06-08T11:33:55Z,89.0,Charge 5
2024-06-08T11:34:10Z,89.0,Charge 5
2024-06-08T11:34:25Z,87.0,Charge 5
2024-06-08T11:34:30Z,85.0,Charge 5
2024-06-08T11:34:35Z,86.0,Charge 5
2024-06-08T11:34:40Z,87.0,Charge 5
2024-06-08T11:34:45Z,88.0,Charge 5
2024-06-08T11:34:50Z,91.0,Charge 5
2024-06-08T11:35:00Z,90.0,Charge 5
2024-06-08T11:35:15Z,91.0,Charge 5
2024-06-08T11:35:20Z,92.0,Charge 5
2024-06-08T11:35:30Z,92.0,Charge 5
2024-06-08T11:35:45Z,92.0,Charge 5
2024-06-08T11:35:50Z,91.0,Charge 5
2024-06-08T11:36:05Z,91.0,Charge 5
2024-06-08T11:36:10Z,92.0,Charge 5
2024-06-08T11:36:15Z,91.0,Charge 5
2024-06-08T11:36:25Z,91.0,Charge 5
2024-06-08T11:36:30Z,92.0,Charge 5
2024-06-08T11:36:35Z,93.0,Charge 5
2024-06-08T11:36:50Z,93.0,Charge 5
2024-06-08T11:36:55Z,92.0,Charge 5
2024-06-08T11:37:05Z,90.0,Charge 5
2024-06-08T11:37:20Z,89.0,Charge 5
2024-06-08T11:37:30Z,90.0,Charge 5
2024-06-08T11:37:40Z,91.0,Charge 5
2024-06-08T11:37:55Z,90.0,Charge 5
2024-06-08T11:38:05Z,91.0,Charge 5
2024-06-08T11:38:10Z,92.0,Charge 5
2024-06-08T11:38:25Z,92.0,Charge 5
2024-06-08T11:38:30Z,93.0,Charge 5
2024-06-08T11:38:40Z,92.0,Charge 5
2024-06-08T11:38:45Z,92.0,Charge 5
2024-06-08T11:38:55Z,93.0,Charge 5
2024-06-08T11:39:05Z,91.0,Charge 5
2024-06-08T11:39:10Z,91.0,Charge 5
2024-06-08T11:39:15Z,91.0,Charge 5
2024-06-08T11:39:20Z,92.0,Charge 5
2024-06-08T11:39:25Z,92.0,Charge 5
2024-06-08T11:39:30Z,90.0,Charge 5
2024-06-08T11:39:40Z,89.0,Charge 5
2024-06-08T11:39:50Z,91.0,Charge 5
2024-06-08T11:40:05Z,92.0,Charge 5
2024-06-08T11:40:10Z,93.0,Charge 5
2024-06-08T11:40:25Z,93.0,Charge 5
2024-06-08T11:40:30Z,92.0,Charge 5
2024-06-08T11:40:35Z,92.0,Charge 5
2024-06-08T11:40:50Z,93.0,Charge 5
2024-06-08T11:41:00Z,92.0,Charge 5
2024-06-08T11:41:05Z,91.0,Charge 5
2024-06-08T11:41:15Z,91.0,Charge 5
2024-06-08T11:41:30Z,92.0,Charge 5
2024-06-08T11:41:40Z,90.0,Charge 5
2024-06-08T11:41:45Z,91.0,Charge 5
2024-06-08T11:41:50Z,94.0,Charge 5
2024-06-08T11:41:55Z,93.0,Charge 5
2024-06-08T11:42:00Z,91.0,Charge 5
2024-06-08T11:42:15Z,91.0,Charge 5
2024-06-08T11:42:25Z,93.0,Charge 5
2024-06-08T11:42:35Z,93.0,Charge 5
2024-06-08T11:42:45Z,92.0,Charge 5
2024-06-08T11:42:50Z,92.0,Charge 5
2024-06-08T11:43:00Z,93.0,Charge 5
2024-06-08T11:43:15Z,93.0,Charge 5
2024-06-08T11:43:30Z,93.0,Charge 5
2024-06-08T11:43:40Z,92.0,Charge 5
2024-06-08T11:44:21Z,70.0,Charge 5
2024-06-08T11:44:36Z,79.0,Charge 5
2024-06-08T11:44:41Z,87.0,Charge 5
2024-06-08T11:44:46Z,88.0,Charge 5
2024-06-08T11:44:51Z,89.0,Charge 5
2024-06-08T11:45:06Z,89.0,Charge 5
2024-06-08T11:45:11Z,92.0,Charge 5
2024-06-08T11:45:16Z,94.0,Charge 5
2024-06-08T11:45:31Z,94.0,Charge 5
2024-06-08T11:45:41Z,93.0,Charge 5
2024-06-08T11:45:56Z,93.0,Charge 5
2024-06-08T11:46:01Z,94.0,Charge 5
2024-06-08T11:46:11Z,93.0,Charge 5
2024-06-08T11:46:26Z,93.0,Charge 5
2024-06-08T11:46:41Z,93.0,Charge 5
2024-06-08T11:46:46Z,95.0,Charge 5
2024-06-08T11:47:01Z,95.0,Charge 5
2024-06-08T11:47:06Z,96.0,Charge 5
2024-06-08T11:47:21Z,96.0,Charge 5
2024-06-08T11:47:26Z,95.0,Charge 5
2024-06-08T11:47:31Z,96.0,Charge 5
2024-06-08T11:47:36Z,97.0,Charge 5
2024-06-08T11:47:46Z,99.0,Charge 5
2024-06-08T11:47:51Z,100.0,Charge 5
2024-06-08T11:48:06Z,101.0,Charge 5
2024-06-08T11:48:11Z,103.0,Charge 5
2024-06-08T11:48:16Z,99.0,Charge 5
2024-06-08T11:48:26Z,98.0,Charge 5
2024-06-08T11:48:31Z,100.0,Charge 5
2024-06-08T11:48:36Z,102.0,Charge 5
2024-06-08T11:48:41Z,104.0,Charge 5
2024-06-08T11:48:46Z,106.0,Charge 5
2024-06-08T11:48:56Z,105.0,Charge 5
2024-06-08T11:49:01Z,99.0,Charge 5
2024-06-08T11:49:06Z,96.0,Charge 5
2024-06-08T11:49:11Z,95.0,Charge 5
2024-06-08T11:49:16Z,93.0,Charge 5
2024-06-08T11:49:21Z,92.0,Charge 5
2024-06-08T11:49:26Z,91.0,Charge 5
2024-06-08T11:49:36Z,92.0,Charge 5
2024-06-08T11:49:51Z,93.0,Charge 5
2024-06-08T11:49:56Z,94.0,Charge 5
2024-06-08T11:50:11Z,94.0,Charge 5
2024-06-08T11:50:16Z,93.0,Charge 5
2024-06-08T11:50:31Z,93.0,Charge 5
2024-06-08T11:50:46Z,93.0,Charge 5
2024-06-08T11:51:01Z,93.0,Charge 5
2024-06-08T11:51:11Z,92.0,Charge 5
2024-06-08T11:51:26Z,92.0,Charge 5
2024-06-08T11:51:36Z,93.0,Charge 5
2024-06-08T11:51:51Z,93.0,Charge 5
2024-06-08T11:52:06Z,95.0,Charge 5
2024-06-08T11:52:11Z,95.0,Charge 5
2024-06-08T11:52:16Z,94.0,Charge 5
2024-06-08T11:52:21Z,93.0,Charge 5
2024-06-08T11:52:26Z,91.0,Charge 5
2024-06-08T11:52:41Z,91.0,Charge 5
2024-06-08T11:52:56Z,91.0,Charge 5
2024-06-08T11:53:01Z,92.0,Charge 5
2024-06-08T11:53:06Z,91.0,Charge 5
2024-06-08T11:53:21Z,90.0,Charge 5
2024-06-08T11:53:36Z,91.0,Charge 5
2024-06-08T11:53:46Z,90.0,Charge 5
2024-06-08T11:54:01Z,90.0,Charge 5
2024-06-08T11:54:16Z,90.0,Charge 5
2024-06-08T11:54:21Z,91.0,Charge 5
2024-06-08T11:54:36Z,91.0,Charge 5
2024-06-08T11:54:46Z,90.0,Charge 5
2024-06-08T11:55:01Z,90.0,Charge 5
2024-06-08T11:55:11Z,91.0,Charge 5
2024-06-08T11:55:21Z,90.0,Charge 5
2024-06-08T11:55:36Z,90.0,Charge 5
2024-06-08T11:55:46Z,91.0,Charge 5
2024-06-08T11:56:01Z,91.0,Charge 5
2024-06-08T11:56:06Z,92.0,Charge 5
2024-06-08T11:56:21Z,92.0,Charge 5
2024-06-08T11:56:36Z,91.0,Charge 5
2024-06-08T11:56:51Z,92.0,Charge 5
2024-06-08T11:57:06Z,92.0,Charge 5
2024-06-08T11:57:11Z,91.0,Charge 5
2024-06-08T11:57:16Z,90.0,Charge 5
2024-06-08T11:57:21Z,90.0,Charge 5
2024-06-08T11:57:36Z,90.0,Charge 5
2024-06-08T11:57:41Z,89.0,Charge 5
2024-06-08T11:57:56Z,91.0,Charge 5
2024-06-08T11:58:01Z,94.0,Charge 5
2024-06-08T11:58:06Z,95.0,Charge 5
2024-06-08T11:58:16Z,94.0,Charge 5
2024-06-08T11:58:21Z,93.0,Charge 5
2024-06-08T11:58:36Z,93.0,Charge 5
2024-06-08T11:58:46Z,92.0,Charge 5
2024-06-08T11:59:01Z,92.0,Charge 5
2024-06-08T11:59:16Z,92.0,Charge 5
2024-06-08T11:59:21Z,91.0,Charge 5
2024-06-08T11:59:26Z,91.0,Charge 5
2024-06-08T11:59:36Z,90.0,Charge 5
2024-06-08T11:59:46Z,90.0,Charge 5
2024-06-08T11:59:51Z,90.0,Charge 5
2024-06-08T12:00:01Z,89.0,Charge 5
2024-06-08T12:00:06Z,88.0,Charge 5
2024-06-08T12:00:11Z,85.0,Charge 5
2024-06-08T12:00:16Z,85.0,Charge 5
2024-06-08T12:00:31Z,86.0,Charge 5
2024-06-08T12:00:36Z,89.0,Charge 5
2024-06-08T12:00:41Z,95.0,Charge 5
2024-06-08T12:00:46Z,97.0,Charge 5
2024-06-08T12:00:51Z,97.0,Charge 5
2024-06-08T12:01:01Z,96.0,Charge 5
2024-06-08T12:01:06Z,95.0,Charge 5
2024-06-08T12:01:16Z,94.0,Charge 5
2024-06-08T12:01:21Z,93.0,Charge 5
2024-06-08T12:01:36Z,93.0,Charge 5
2024-06-08T12:01:41Z,94.0,Charge 5
2024-06-08T12:01:46Z,95.0,Charge 5
2024-06-08T12:02:01Z,95.0,Charge 5
2024-06-08T12:02:16Z,96.0,Charge 5
2024-06-08T12:02:31Z,95.0,Charge 5
2024-06-08T12:02:36Z,94.0,Charge 5
2024-06-08T12:02:51Z,96.0,Charge 5
2024-06-08T12:02:56Z,95.0,Charge 5
2024-06-08T12:03:01Z,95.0,Charge 5
2024-06-08T12:03:06Z,94.0,Charge 5
2024-06-08T12:03:21Z,94.0,Charge 5
2024-06-08T12:03:36Z,94.0,Charge 5
2024-06-08T12:03:41Z,94.0,Charge 5
2024-06-08T12:03:46Z,94.0,Charge 5
2024-06-08T12:03:51Z,95.0,Charge 5
2024-06-08T12:03:56Z,96.0,Charge 5
2024-06-08T12:04:01Z,97.0,Charge 5
2024-06-08T12:04:06Z,89.0,Charge 5
2024-06-08T12:04:11Z,77.0,Charge 5
2024-06-08T12:04:16Z,88.0,Charge 5
2024-06-08T12:04:21Z,92.0,Charge 5
2024-06-08T12:04:36Z,92.0,Charge 5
2024-06-08T12:04:51Z,92.0,Charge 5
2024-06-08T12:05:01Z,93.0,Charge 5
2024-06-08T12:05:06Z,92.0,Charge 5
2024-06-08T12:05:11Z,91.0,Charge 5
2024-06-08T12:05:16Z,92.0,Charge 5
2024-06-08T12:05:31Z,92.0,Charge 5
2024-06-08T12:05:46Z,92.0,Charge 5
2024-06-08T12:05:56Z,93.0,Charge 5
2024-06-08T12:06:01Z,94.0,Charge 5
2024-06-08T12:06:06Z,93.0,Charge 5
2024-06-08T12:06:16Z,94.0,Charge 5
2024-06-08T12:06:21Z,96.0,Charge 5
2024-06-08T12:06:26Z,97.0,Charge 5
2024-06-08T12:06:41Z,97.0,Charge 5
2024-06-08T12:06:46Z,96.0,Charge 5
2024-06-08T12:06:56Z,95.0,Charge 5
2024-06-08T12:07:01Z,93.0,Charge 5
2024-06-08T12:07:16Z,91.0,Charge 5
2024-06-08T12:07:21Z,90.0,Charge 5
2024-06-08T12:07:36Z,89.0,Charge 5
2024-06-08T12:07:46Z,90.0,Charge 5
2024-06-08T12:07:51Z,84.0,Charge 5
2024-06-08T12:07:56Z,74.0,Charge 5
2024-06-08T12:08:01Z,77.0,Charge 5
2024-06-08T12:08:06Z,85.0,Charge 5
2024-06-08T12:08:21Z,85.0,Charge 5
2024-06-08T12:08:26Z,86.0,Charge 5
2024-06-08T12:08:36Z,87.0,Charge 5
2024-06-08T12:08:41Z,86.0,Charge 5
2024-06-08T12:08:46Z,87.0,Charge 5
2024-06-08T12:08:51Z,88.0,Charge 5
2024-06-08T12:09:06Z,88.0,Charge 5
2024-06-08T12:09:21Z,89.0,Charge 5
2024-06-08T12:09:36Z,89.0,Charge 5
2024-06-08T12:09:51Z,89.0,Charge 5
2024-06-08T12:09:56Z,90.0,Charge 5
2024-06-08T12:10:01Z,91.0,Charge 5
2024-06-08T12:10:06Z,92.0,Charge 5
2024-06-08T12:10:11Z,91.0,Charge 5
2024-06-08T12:10:26Z,91.0,Charge 5
2024-06-08T12:10:36Z,92.0,Charge 5
2024-06-08T12:10:51Z,92.0,Charge 5
2024-06-08T12:10:56Z,93.0,Charge 5
2024-06-08T12:11:11Z,93.0,Charge 5
2024-06-08T12:11:16Z,95.0,Charge 5
2024-06-08T12:11:21Z,96.0,Charge 5
2024-06-08T12:11:26Z,96.0,Charge 5
2024-06-08T12:11:36Z,95.0,Charge 5
2024-06-08T12:11:46Z,92.0,Charge 5
2024-06-08T12:11:51Z,92.0,Charge 5
2024-06-08T12:11:56Z,91.0,Charge 5
2024-06-08T12:12:06Z,90.0,Charge 5
2024-06-08T12:12:21Z,91.0,Charge 5
2024-06-08T12:12:26Z,92.0,Charge 5
2024-06-08T12:12:36Z,93.0,Charge 5
2024-06-08T12:12:41Z,95.0,Charge 5
2024-06-08T12:12:46Z,95.0,Charge 5
2024-06-08T12:12:51Z,95.0,Charge 5
2024-06-08T12:12:56Z,94.0,Charge 5
2024-06-08T12:13:01Z,94.0,Charge 5
2024-06-08T12:13:06Z,95.0,Charge 5
2024-06-08T12:13:21Z,95.0,Charge 5
2024-06-08T12:13:26Z,94.0,Charge 5
2024-06-08T12:13:41Z,94.0,Charge 5
2024-06-08T12:13:46Z,93.0,Charge 5
2024-06-08T12:14:01Z,93.0,Charge 5
2024-06-08T12:14:16Z,93.0,Charge 5
2024-06-08T12:14:21Z,93.0,Charge 5
2024-06-08T12:14:36Z,92.0,Charge 5
2024-06-08T12:14:51Z,92.0,Charge 5
2024-06-08T12:14:56Z,91.0,Charge 5
2024-06-08T12:15:11Z,94.0,Charge 5
2024-06-08T12:15:16Z,96.0,Charge 5
2024-06-08T12:15:26Z,97.0,Charge 5
2024-06-08T12:15:41Z,95.0,Charge 5
2024-06-08T12:15:46Z,94.0,Charge 5
2024-06-08T12:15:51Z,94.0,Charge 5
2024-06-08T12:15:56Z,93.0,Charge 5
2024-06-08T12:16:01Z,92.0,Charge 5
2024-06-08T12:16:16Z,92.0,Charge 5
2024-06-08T12:16:21Z,91.0,Charge 5
2024-06-08T12:16:26Z,91.0,Charge 5
2024-06-08T12:16:41Z,91.0,Charge 5
2024-06-08T12:16:56Z,91.0,Charge 5
2024-06-08T12:17:11Z,91.0,Charge 5
2024-06-08T12:17:26Z,91.0,Charge 5
2024-06-08T12:17:36Z,92.0,Charge 5
2024-06-08T12:17:46Z,93.0,Charge 5
2024-06-08T12:18:01Z,93.0,Charge 5
2024-06-08T12:18:06Z,91.0,Charge 5
2024-06-08T12:18:11Z,89.0,Charge 5
2024-06-08T12:18:16Z,88.0,Charge 5
2024-06-08T12:18:26Z,87.0,Charge 5
2024-06-08T12:18:31Z,86.0,Charge 5
2024-06-08T12:18:36Z,85.0,Charge 5
2024-06-08T12:18:51Z,85.0,Charge 5
2024-06-08T12:18:56Z,86.0,Charge 5
2024-06-08T12:19:06Z,85.0,Charge 5
2024-06-08T12:19:11Z,86.0,Charge 5
2024-06-08T12:19:16Z,87.0,Charge 5
2024-06-08T12:19:21Z,88.0,Charge 5
2024-06-08T12:19:26Z,88.0,Charge 5
2024-06-08T12:19:31Z,88.0,Charge 5
2024-06-08T12:19:36Z,89.0,Charge 5
2024-06-08T12:19:46Z,91.0,Charge 5
2024-06-08T12:19:51Z,94.0,Charge 5
2024-06-08T12:19:56Z,93.0,Charge 5
2024-06-08T12:20:01Z,92.0,Charge 5
2024-06-08T12:20:06Z,91.0,Charge 5
2024-06-08T12:20:21Z,92.0,Charge 5
2024-06-08T12:20:26Z,93.0,Charge 5
2024-06-08T12:20:31Z,92.0,Charge 5
2024-06-08T12:20:46Z,91.0,Charge 5
2024-06-08T12:21:01Z,90.0,Charge 5
2024-06-08T12:21:06Z,89.0,Charge 5
2024-06-08T12:21:11Z,89.0,Charge 5
2024-06-08T12:21:16Z,90.0,Charge 5
2024-06-08T12:21:31Z,90.0,Charge 5
2024-06-08T12:21:46Z,92.0,Charge 5
2024-06-08T12:22:01Z,91.0,Charge 5
2024-06-08T12:22:16Z,92.0,Charge 5
2024-06-08T12:22:26Z,91.0,Charge 5
2024-06-08T12:22:41Z,92.0,Charge 5
2024-06-08T12:22:51Z,94.0,Charge 5
2024-06-08T12:22:56Z,97.0,Charge 5
2024-06-08T12:23:01Z,98.0,Charge 5
2024-06-08T12:23:06Z,99.0,Charge 5
2024-06-08T12:23:11Z,100.0,Charge 5
2024-06-08T12:23:16Z,97.0,Charge 5
2024-06-08T12:23:21Z,95.0,Charge 5
2024-06-08T12:23:26Z,94.0,Charge 5
2024-06-08T12:23:31Z,93.0,Charge 5
2024-06-08T12:23:46Z,91.0,Charge 5
2024-06-08T12:23:51Z,88.0,Charge 5
2024-06-08T12:24:06Z,87.0,Charge 5
2024-06-08T12:24:21Z,88.0,Charge 5
2024-06-08T12:24:26Z,88.0,Charge 5
2024-06-08T12:24:41Z,88.0,Charge 5
2024-06-08T12:24:56Z,89.0,Charge 5
2024-06-08T12:25:11Z,89.0,Charge 5
2024-06-08T12:25:26Z,88.0,Charge 5
2024-06-08T12:25:36Z,89.0,Charge 5
2024-06-08T12:25:51Z,89.0,Charge 5
2024-06-08T12:26:06Z,90.0,Charge 5
2024-06-08T12:26:11Z,92.0,Charge 5
2024-06-08T12:26:26Z,93.0,Charge 5
2024-06-08T12:26:41Z,93.0,Charge 5
2024-06-08T12:26:56Z,92.0,Charge 5
2024-06-08T12:27:11Z,92.0,Charge 5
2024-06-08T12:27:26Z,91.0,Charge 5
2024-06-08T12:27:41Z,91.0,Charge 5
2024-06-08T12:27:56Z,91.0,Charge 5
2024-06-08T12:28:11Z,91.0,Charge 5
2024-06-08T12:28:16Z,90.0,Charge 5
2024-06-08T12:28:31Z,90.0,Charge 5
2024-06-08T12:28:36Z,89.0,Charge 5
2024-06-08T12:28:41Z,88.0,Charge 5
2024-06-08T12:28:46Z,87.0,Charge 5
2024-06-08T12:28:56Z,88.0,Charge 5
2024-06-08T12:29:01Z,89.0,Charge 5
2024-06-08T12:29:16Z,90.0,Charge 5
2024-06-08T12:29:31Z,89.0,Charge 5
2024-06-08T12:29:46Z,89.0,Charge 5
2024-06-08T12:30:01Z,89.0,Charge 5
2024-06-08T12:30:06Z,90.0,Charge 5
2024-06-08T12:30:21Z,90.0,Charge 5
2024-06-08T12:30:26Z,89.0,Charge 5
2024-06-08T12:30:31Z,90.0,Charge 5
2024-06-08T12:30:41Z,90.0,Charge 5
2024-06-08T12:30:56Z,90.0,Charge 5
2024-06-08T12:31:01Z,92.0,Charge 5
2024-06-08T12:31:06Z,94.0,Charge 5
2024-06-08T12:31:11Z,95.0,Charge 5
2024-06-08T12:31:16Z,95.0,Charge 5
2024-06-08T12:31:26Z,96.0,Charge 5
2024-06-08T12:31:31Z,97.0,Charge 5
2024-06-08T12:31:36Z,98.0,Charge 5
2024-06-08T12:31:41Z,99.0,Charge 5
2024-06-08T12:31:46Z,98.0,Charge 5
2024-06-08T12:31:51Z,96.0,Charge 5
2024-06-08T12:31:56Z,97.0,Charge 5
2024-06-08T12:32:01Z,98.0,Charge 5
2024-06-08T12:32:06Z,100.0,Charge 5
2024-06-08T12:32:11Z,102.0,Charge 5
2024-06-08T12:32:16Z,103.0,Charge 5
2024-06-08T12:32:21Z,102.0,Charge 5
2024-06-08T12:32:26Z,104.0,Charge 5
2024-06-08T12:32:36Z,105.0,Charge 5
2024-06-08T12:32:41Z,104.0,Charge 5
2024-06-08T12:32:46Z,105.0,Charge 5
2024-06-08T12:32:56Z,104.0,Charge 5
2024-06-08T12:33:01Z,103.0,Charge 5
2024-06-08T12:33:06Z,99.0,Charge 5
2024-06-08T12:33:11Z,101.0,Charge 5
2024-06-08T12:33:16Z,103.0,Charge 5
2024-06-08T12:33:21Z,104.0,Charge 5
2024-06-08T12:33:31Z,105.0,Charge 5
2024-06-08T12:33:41Z,106.0,Charge 5
2024-06-08T12:33:51Z,102.0,Charge 5
2024-06-08T12:33:56Z,101.0,Charge 5
2024-06-08T12:34:01Z,104.0,Charge 5
2024-06-08T12:34:06Z,106.0,Charge 5
2024-06-08T12:34:16Z,107.0,Charge 5
2024-06-08T12:34:26Z,105.0,Charge 5
2024-06-08T12:34:31Z,103.0,Charge 5
2024-06-08T12:34:41Z,104.0,Charge 5
2024-06-08T12:34:46Z,105.0,Charge 5
2024-06-08T12:34:51Z,106.0,Charge 5
2024-06-08T12:34:56Z,107.0,Charge 5
2024-06-08T12:35:01Z,109.0,Charge 5
2024-06-08T12:35:06Z,107.0,Charge 5
2024-06-08T12:35:11Z,107.0,Charge 5
2024-06-08T12:35:16Z,106.0,Charge 5
2024-06-08T12:35:26Z,109.0,Charge 5
2024-06-08T12:35:31Z,110.0,Charge 5
2024-06-08T12:35:36Z,112.0,Charge 5
2024-06-08T12:35:46Z,113.0,Charge 5
2024-06-08T12:35:51Z,114.0,Charge 5
2024-06-08T12:36:01Z,111.0,Charge 5
2024-06-08T12:36:06Z,108.0,Charge 5
2024-06-08T12:36:11Z,102.0,Charge 5
2024-06-08T12:36:21Z,101.0,Charge 5
2024-06-08T12:36:26Z,100.0,Charge 5
2024-06-08T12:36:31Z,99.0,Charge 5
2024-06-08T12:36:36Z,98.0,Charge 5
2024-06-08T12:36:46Z,97.0,Charge 5
2024-06-08T12:36:56Z,96.0,Charge 5
2024-06-08T12:37:01Z,97.0,Charge 5
2024-06-08T12:37:06Z,98.0,Charge 5
2024-06-08T12:37:11Z,96.0,Charge 5
2024-06-08T12:37:21Z,98.0,Charge 5
2024-06-08T12:37:26Z,92.0,Charge 5
2024-06-08T12:37:41Z,92.0,Charge 5
2024-06-08T12:37:56Z,92.0,Charge 5
2024-06-08T12:38:11Z,92.0,Charge 5
2024-06-08T12:38:26Z,93.0,Charge 5
2024-06-08T12:38:31Z,96.0,Charge 5
2024-06-08T12:38:46Z,98.0,Charge 5
2024-06-08T12:38:51Z,98.0,Charge 5
2024-06-08T12:38:56Z,97.0,Charge 5
2024-06-08T12:39:01Z,95.0,Charge 5
2024-06-08T12:39:16Z,95.0,Charge 5
2024-06-08T12:39:21Z,94.0,Charge 5
2024-06-08T12:39:36Z,94.0,Charge 5
2024-06-08T12:39:51Z,93.0,Charge 5
2024-06-08T12:39:56Z,92.0,Charge 5
2024-06-08T12:40:01Z,92.0,Charge 5
2024-06-08T12:40:06Z,92.0,Charge 5
2024-06-08T12:40:11Z,93.0,Charge 5
2024-06-08T12:40:16Z,92.0,Charge 5
2024-06-08T12:40:21Z,92.0,Charge 5
2024-06-08T12:40:26Z,93.0,Charge 5
2024-06-08T12:40:31Z,94.0,Charge 5
2024-06-08T12:40:46Z,92.0,Charge 5
2024-06-08T12:40:51Z,89.0,Charge 5
2024-06-08T12:40:56Z,88.0,Charge 5
2024-06-08T12:41:11Z,88.0,Charge 5
2024-06-08T12:41:26Z,88.0,Charge 5
2024-06-08T12:41:31Z,87.0,Charge 5
2024-06-08T12:41:46Z,87.0,Charge 5
2024-06-08T12:42:01Z,88.0,Charge 5
2024-06-08T12:42:16Z,88.0,Charge 5
2024-06-08T12:42:31Z,90.0,Charge 5
2024-06-08T12:42:36Z,91.0,Charge 5
2024-06-08T12:42:46Z,92.0,Charge 5
2024-06-08T12:42:51Z,94.0,Charge 5
2024-06-08T12:42:56Z,95.0,Charge 5
2024-06-08T12:43:01Z,95.0,Charge 5
2024-06-08T12:43:06Z,94.0,Charge 5
2024-06-08T12:43:16Z,93.0,Charge 5
2024-06-08T12:43:21Z,92.0,Charge 5
2024-06-08T12:43:36Z,92.0,Charge 5
2024-06-08T12:43:41Z,91.0,Charge 5
2024-06-08T12:43:51Z,92.0,Charge 5
2024-06-08T12:44:01Z,93.0,Charge 5
2024-06-08T12:44:06Z,94.0,Charge 5
2024-06-08T12:44:11Z,95.0,Charge 5
2024-06-08T12:44:21Z,94.0,Charge 5
2024-06-08T12:44:36Z,94.0,Charge 5
2024-06-08T12:44:41Z,93.0,Charge 5
2024-06-08T12:44:56Z,93.0,Charge 5
2024-06-08T12:45:06Z,94.0,Charge 5
2024-06-08T12:45:11Z,93.0,Charge 5
2024-06-08T12:45:21Z,92.0,Charge 5
2024-06-08T12:45:31Z,91.0,Charge 5
2024-06-08T12:45:36Z,91.0,Charge 5
2024-06-08T12:45:51Z,91.0,Charge 5
2024-06-08T12:46:06Z,90.0,Charge 5
2024-06-08T12:46:21Z,90.0,Charge 5
2024-06-08T12:46:26Z,91.0,Charge 5
2024-06-08T12:46:36Z,90.0,Charge 5
2024-06-08T12:46:41Z,92.0,Charge 5
2024-06-08T12:46:46Z,93.0,Charge 5
2024-06-08T12:46:56Z,94.0,Charge 5
2024-06-08T12:47:11Z,94.0,Charge 5
2024-06-08T12:47:26Z,93.0,Charge 5
2024-06-08T12:47:41Z,93.0,Charge 5
2024-06-08T12:47:56Z,93.0,Charge 5
2024-06-08T12:48:01Z,94.0,Charge 5
2024-06-08T12:48:16Z,94.0,Charge 5
2024-06-08T12:48:21Z,93.0,Charge 5
2024-06-08T12:48:26Z,92.0,Charge 5
2024-06-08T12:48:41Z,92.0,Charge 5
2024-06-08T12:48:46Z,91.0,Charge 5
2024-06-08T12:49:01Z,90.0,Charge 5
2024-06-08T12:49:06Z,91.0,Charge 5
2024-06-08T12:49:21Z,91.0,Charge 5
2024-06-08T12:49:36Z,91.0,Charge 5
2024-06-08T12:49:51Z,91.0,Charge 5
2024-06-08T12:50:06Z,91.0,Charge 5
2024-06-08T12:50:11Z,90.0,Charge 5
2024-06-08T12:50:16Z,89.0,Charge 5
2024-06-08T12:50:21Z,89.0,Charge 5
2024-06-08T12:50:36Z,89.0,Charge 5
2024-06-08T12:50:46Z,89.0,Charge 5
2024-06-08T12:50:56Z,90.0,Charge 5
2024-06-08T12:51:11Z,90.0,Charge 5
2024-06-08T12:51:16Z,91.0,Charge 5
2024-06-08T12:51:21Z,90.0,Charge 5
2024-06-08T12:51:26Z,90.0,Charge 5
2024-06-08T12:51:41Z,90.0,Charge 5
2024-06-08T12:51:46Z,90.0,Charge 5
2024-06-08T12:51:56Z,91.0,Charge 5
2024-06-08T12:52:01Z,91.0,Charge 5
2024-06-08T12:52:16Z,90.0,Charge 5
2024-06-08T12:52:31Z,90.0,Charge 5
2024-06-08T12:52:36Z,91.0,Charge 5
2024-06-08T12:52:51Z,92.0,Charge 5
2024-06-08T12:52:56Z,94.0,Charge 5
2024-06-08T12:53:01Z,90.0,Charge 5
2024-06-08T12:53:06Z,90.0,Charge 5
2024-06-08T12:53:11Z,91.0,Charge 5
2024-06-08T12:53:16Z,91.0,Charge 5
2024-06-08T12:53:26Z,92.0,Charge 5
2024-06-08T12:53:41Z,91.0,Charge 5
2024-06-08T12:53:46Z,91.0,Charge 5
2024-06-08T12:53:51Z,91.0,Charge 5
2024-06-08T12:54:06Z,91.0,Charge 5
2024-06-08T12:54:21Z,91.0,Charge 5
2024-06-08T12:54:36Z,91.0,Charge 5
2024-06-08T12:54:41Z,91.0,Charge 5
2024-06-08T12:54:51Z,91.0,Charge 5
2024-06-08T12:55:01Z,92.0,Charge 5
2024-06-08T12:55:06Z,93.0,Charge 5
2024-06-08T12:55:11Z,94.0,Charge 5
2024-06-08T12:55:21Z,93.0,Charge 5
2024-06-08T12:55:26Z,93.0,Charge 5
2024-06-08T12:55:36Z,92.0,Charge 5
2024-06-08T12:55:51Z,92.0,Charge 5
2024-06-08T12:55:56Z,91.0,Charge 5
2024-06-08T12:56:11Z,91.0,Charge 5
2024-06-08T12:56:21Z,92.0,Charge 5
2024-06-08T12:56:31Z,92.0,Charge 5
2024-06-08T12:56:41Z,93.0,Charge 5
2024-06-08T12:56:46Z,94.0,Charge 5
2024-06-08T12:56:56Z,93.0,Charge 5
2024-06-08T12:57:11Z,93.0,Charge 5
2024-06-08T12:57:16Z,92.0,Charge 5
2024-06-08T12:57:31Z,92.0,Charge 5
2024-06-08T12:57:46Z,96.0,Charge 5
2024-06-08T12:57:51Z,97.0,Charge 5
2024-06-08T12:57:56Z,96.0,Charge 5
2024-06-08T12:58:01Z,97.0,Charge 5
2024-06-08T12:58:11Z,95.0,Charge 5
2024-06-08T12:58:21Z,96.0,Charge 5
2024-06-08T12:58:36Z,95.0,Charge 5
2024-06-08T12:58:46Z,94.0,Charge 5
2024-06-08T12:58:56Z,93.0,Charge 5
2024-06-08T12:59:11Z,93.0,Charge 5
2024-06-08T12:59:26Z,93.0,Charge 5
2024-06-08T12:59:41Z,92.0,Charge 5
2024-06-08T12:59:51Z,91.0,Charge 5
2024-06-08T12:59:56Z,89.0,Charge 5
2024-06-08T13:00:01Z,89.0,Charge 5
2024-06-08T13:00:16Z,89.0,Charge 5
2024-06-08T13:00:26Z,90.0,Charge 5
2024-06-08T13:00:36Z,91.0,Charge 5
2024-06-08T13:00:41Z,90.0,Charge 5
2024-06-08T13:00:51Z,89.0,Charge 5
2024-06-08T13:01:06Z,89.0,Charge 5
2024-06-08T13:01:21Z,89.0,Charge 5
2024-06-08T13:01:36Z,89.0,Charge 5
2024-06-08T13:01:41Z,88.0,Charge 5
2024-06-08T13:01:51Z,89.0,Charge 5
2024-06-08T13:02:06Z,89.0,Charge 5
2024-06-08T13:02:11Z,88.0,Charge 5
2024-06-08T13:02:16Z,87.0,Charge 5
2024-06-08T13:02:26Z,86.0,Charge 5
2024-06-08T13:02:31Z,86.0,Charge 5
2024-06-08T13:02:46Z,87.0,Charge 5
2024-06-08T13:02:51Z,84.0,Charge 5
2024-06-08T13:03:06Z,84.0,Charge 5
2024-06-08T13:03:11Z,85.0,Charge 5
2024-06-08T13:03:21Z,86.0,Charge 5
2024-06-08T13:03:26Z,87.0,Charge 5
2024-06-08T13:03:31Z,88.0,Charge 5
2024-06-08T13:03:36Z,89.0,Charge 5
2024-06-08T13:03:51Z,90.0,Charge 5
2024-06-08T13:03:56Z,89.0,Charge 5
2024-06-08T13:04:06Z,92.0,Charge 5
2024-06-08T13:04:11Z,93.0,Charge 5
2024-06-08T13:04:16Z,95.0,Charge 5
2024-06-08T13:04:21Z,96.0,Charge 5
2024-06-08T13:04:26Z,97.0,Charge 5
2024-06-08T13:04:31Z,98.0,Charge 5
2024-06-08T13:04:36Z,100.0,Charge 5
2024-06-08T13:04:41Z,99.0,Charge 5
2024-06-08T13:04:51Z,100.0,Charge 5
2024-06-08T13:04:56Z,102.0,Charge 5
2024-06-08T13:05:11Z,104.0,Charge 5
2024-06-08T13:05:16Z,105.0,Charge 5
2024-06-08T13:05:21Z,103.0,Charge 5
2024-06-08T13:05:26Z,100.0,Charge 5
2024-06-08T13:05:36Z,105.0,Charge 5
2024-06-08T13:05:41Z,106.0,Charge 5
2024-06-08T13:05:46Z,103.0,Charge 5
2024-06-08T13:05:51Z,102.0,Charge 5
2024-06-08T13:05:56Z,100.0,Charge 5
2024-06-08T13:06:01Z,104.0,Charge 5
2024-06-08T13:06:06Z,108.0,Charge 5
2024-06-08T13:06:11Z,104.0,Charge 5
2024-06-08T13:06:16Z,100.0,Charge 5
2024-06-08T13:06:21Z,97.0,Charge 5
2024-06-08T13:06:36Z,96.0,Charge 5
2024-06-08T13:06:41Z,95.0,Charge 5
2024-06-08T13:06:46Z,96.0,Charge 5
2024-06-08T13:06:56Z,95.0,Charge 5
2024-06-08T13:07:01Z,96.0,Charge 5
2024-06-08T13:07:06Z,97.0,Charge 5
2024-06-08T13:07:16Z,98.0,Charge 5
2024-06-08T13:07:21Z,99.0,Charge 5
2024-06-08T13:07:26Z,96.0,Charge 5
2024-06-08T13:07:31Z,92.0,Charge 5
2024-06-08T13:07:36Z,92.0,Charge 5
2024-06-08T13:07:41Z,92.0,Charge 5
2024-06-08T13:07:46Z,91.0,Charge 5
2024-06-08T13:08:01Z,91.0,Charge 5
2024-06-08T13:08:16Z,92.0,Charge 5
2024-06-08T13:08:26Z,93.0,Charge 5
2024-06-08T13:08:31Z,92.0,Charge 5
2024-06-08T13:08:46Z,92.0,Charge 5
2024-06-08T13:08:51Z,92.0,Charge 5
2024-06-08T13:09:06Z,93.0,Charge 5
2024-06-08T13:09:11Z,94.0,Charge 5
2024-06-08T13:09:26Z,94.0,Charge 5
2024-06-08T13:09:36Z,96.0,Charge 5
2024-06-08T13:09:41Z,100.0,Charge 5
2024-06-08T13:09:46Z,102.0,Charge 5
2024-06-08T13:09:51Z,101.0,Charge 5
2024-06-08T13:09:56Z,98.0,Charge 5
2024-06-08T13:10:06Z,99.0,Charge 5
2024-06-08T13:10:16Z,98.0,Charge 5
2024-06-08T13:10:21Z,97.0,Charge 5
2024-06-08T13:10:26Z,96.0,Charge 5
2024-06-08T13:10:31Z,96.0,Charge 5
2024-06-08T13:10:36Z,95.0,Charge 5
2024-06-08T13:10:41Z,96.0,Charge 5
2024-06-08T13:10:56Z,95.0,Charge 5
2024-06-08T13:11:11Z,96.0,Charge 5
2024-06-08T13:11:26Z,94.0,Charge 5
2024-06-08T13:11:31Z,93.0,Charge 5
2024-06-08T13:11:46Z,93.0,Charge 5
2024-06-08T13:12:01Z,93.0,Charge 5
2024-06-08T13:12:06Z,91.0,Charge 5
2024-06-08T13:12:11Z,90.0,Charge 5
2024-06-08T13:12:16Z,92.0,Charge 5
2024-06-08T13:12:26Z,91.0,Charge 5
2024-06-08T13:12:41Z,91.0,Charge 5
2024-06-08T13:12:56Z,92.0,Charge 5
2024-06-08T13:13:06Z,91.0,Charge 5
2024-06-08T13:13:11Z,90.0,Charge 5
2024-06-08T13:13:21Z,91.0,Charge 5
2024-06-08T13:13:26Z,90.0,Charge 5
2024-06-08T13:13:31Z,90.0,Charge 5
2024-06-08T13:13:36Z,89.0,Charge 5
2024-06-08T13:13:41Z,90.0,Charge 5
2024-06-08T13:13:46Z,91.0,Charge 5
2024-06-08T13:13:51Z,90.0,Charge 5
2024-06-08T13:13:56Z,89.0,Charge 5
2024-06-08T13:14:01Z,88.0,Charge 5
2024-06-08T13:14:06Z,89.0,Charge 5
2024-06-08T13:14:11Z,94.0,Charge 5
2024-06-08T13:14:16Z,95.0,Charge 5
2024-06-08T13:14:21Z,94.0,Charge 5
2024-06-08T13:14:26Z,93.0,Charge 5
2024-06-08T13:14:31Z,91.0,Charge 5
2024-06-08T13:14:46Z,91.0,Charge 5
2024-06-08T13:14:56Z,92.0,Charge 5
2024-06-08T13:15:01Z,93.0,Charge 5
2024-06-08T13:15:06Z,95.0,Charge 5
2024-06-08T13:15:21Z,96.0,Charge 5
2024-06-08T13:15:26Z,97.0,Charge 5
2024-06-08T13:15:32Z,98.0,Charge 5
2024-06-08T13:15:42Z,100.0,Charge 5
2024-06-08T13:15:47Z,101.0,Charge 5
2024-06-08T13:15:52Z,103.0,Charge 5
2024-06-08T13:16:02Z,102.0,Charge 5
2024-06-08T13:16:12Z,97.0,Charge 5
2024-06-08T13:16:17Z,93.0,Charge 5
2024-06-08T13:16:22Z,91.0,Charge 5
2024-06-08T13:16:27Z,91.0,Charge 5
2024-06-08T13:16:32Z,88.0,Charge 5
2024-06-08T13:16:37Z,86.0,Charge 5
2024-06-08T13:16:42Z,85.0,Charge 5
2024-06-08T13:16:52Z,87.0,Charge 5
2024-06-08T13:16:57Z,88.0,Charge 5
2024-06-08T13:17:07Z,89.0,Charge 5
2024-06-08T13:17:22Z,88.0,Charge 5
2024-06-08T13:17:27Z,88.0,Charge 5
2024-06-08T13:17:32Z,88.0,Charge 5
2024-06-08T13:17:37Z,88.0,Charge 5
2024-06-08T13:17:47Z,88.0,Charge 5
2024-06-08T13:18:02Z,87.0,Charge 5
2024-06-08T13:18:17Z,87.0,Charge 5
2024-06-08T13:18:22Z,88.0,Charge 5
2024-06-08T13:18:37Z,88.0,Charge 5
2024-06-08T13:18:47Z,89.0,Charge 5
2024-06-08T13:18:52Z,88.0,Charge 5
2024-06-08T13:18:57Z,87.0,Charge 5
2024-06-08T13:19:02Z,87.0,Charge 5
2024-06-08T13:19:07Z,86.0,Charge 5
2024-06-08T13:19:12Z,86.0,Charge 5
2024-06-08T13:19:17Z,86.0,Charge 5
2024-06-08T13:19:22Z,86.0,Charge 5
2024-06-08T13:19:37Z,86.0,Charge 5
2024-06-08T13:19:42Z,87.0,Charge 5
2024-06-08T13:19:57Z,87.0,Charge 5
2024-06-08T13:20:02Z,88.0,Charge 5
2024-06-08T13:20:17Z,87.0,Charge 5
2024-06-08T13:20:22Z,86.0,Charge 5
2024-06-08T13:20:32Z,87.0,Charge 5
2024-06-08T13:20:37Z,86.0,Charge 5
2024-06-08T13:20:42Z,85.0,Charge 5
2024-06-08T13:20:47Z,86.0,Charge 5
2024-06-08T13:21:02Z,86.0,Charge 5
2024-06-08T13:21:17Z,86.0,Charge 5
2024-06-08T13:21:27Z,84.0,Charge 5
2024-06-08T13:21:32Z,83.0,Charge 5
2024-06-08T13:21:47Z,83.0,Charge 5
2024-06-08T13:21:57Z,87.0,Charge 5
2024-06-08T13:22:02Z,91.0,Charge 5
2024-06-08T13:22:07Z,92.0,Charge 5
2024-06-08T13:22:12Z,93.0,Charge 5
2024-06-08T13:22:17Z,93.0,Charge 5
2024-06-08T13:22:22Z,95.0,Charge 5
2024-06-08T13:22:27Z,98.0,Charge 5
2024-06-08T13:22:32Z,97.0,Charge 5
2024-06-08T13:22:47Z,98.0,Charge 5
2024-06-08T13:22:52Z,97.0,Charge 5
2024-06-08T13:22:57Z,96.0,Charge 5
2024-06-08T13:23:07Z,96.0,Charge 5
2024-06-08T13:23:22Z,96.0,Charge 5
2024-06-08T13:23:27Z,96.0,Charge 5
2024-06-08T13:23:32Z,95.0,Charge 5
2024-06-08T13:23:37Z,97.0,Charge 5
2024-06-08T13:23:52Z,97.0,Charge 5
2024-06-08T13:24:02Z,97.0,Charge 5
2024-06-08T13:24:17Z,97.0,Charge 5
2024-06-08T13:24:32Z,98.0,Charge 5
2024-06-08T13:24:47Z,98.0,Charge 5
2024-06-08T13:24:57Z,99.0,Charge 5
2024-06-08T13:25:07Z,98.0,Charge 5
2024-06-08T13:25:22Z,98.0,Charge 5
2024-06-08T13:25:32Z,97.0,Charge 5
2024-06-08T13:25:47Z,97.0,Charge 5
2024-06-08T13:25:52Z,98.0,Charge 5
2024-06-08T13:26:02Z,99.0,Charge 5
2024-06-08T13:26:07Z,97.0,Charge 5
2024-06-08T13:26:12Z,95.0,Charge 5
2024-06-08T13:26:17Z,93.0,Charge 5
2024-06-08T13:26:22Z,91.0,Charge 5
2024-06-08T13:26:32Z,90.0,Charge 5
2024-06-08T13:26:37Z,88.0,Charge 5
2024-06-08T13:26:42Z,84.0,Charge 5
2024-06-08T13:26:47Z,87.0,Charge 5
2024-06-08T13:26:52Z,90.0,Charge 5
2024-06-08T13:27:02Z,89.0,Charge 5
2024-06-08T13:27:07Z,88.0,Charge 5
2024-06-08T13:27:12Z,83.0,Charge 5
2024-06-08T13:27:17Z,82.0,Charge 5
2024-06-08T13:27:22Z,84.0,Charge 5
2024-06-08T13:27:27Z,85.0,Charge 5
2024-06-08T13:27:32Z,86.0,Charge 5
2024-06-08T13:27:37Z,87.0,Charge 5
2024-06-08T13:27:42Z,87.0,Charge 5
2024-06-08T13:27:47Z,88.0,Charge 5
2024-06-08T13:27:52Z,89.0,Charge 5
2024-06-08T13:28:02Z,88.0,Charge 5
2024-06-08T13:28:07Z,85.0,Charge 5
2024-06-08T13:28:12Z,84.0,Charge 5
2024-06-08T13:28:17Z,84.0,Charge 5
2024-06-08T13:28:22Z,85.0,Charge 5
2024-06-08T13:28:27Z,86.0,Charge 5
2024-06-08T13:28:32Z,87.0,Charge 5
2024-06-08T13:28:37Z,88.0,Charge 5
2024-06-08T13:28:52Z,88.0,Charge 5
2024-06-08T13:29:02Z,88.0,Charge 5
2024-06-08T13:29:17Z,88.0,Charge 5
2024-06-08T13:29:27Z,87.0,Charge 5
2024-06-08T13:29:32Z,86.0,Charge 5
2024-06-08T13:29:37Z,86.0,Charge 5
2024-06-08T13:29:42Z,85.0,Charge 5
2024-06-08T13:29:57Z,85.0,Charge 5
2024-06-08T13:30:02Z,86.0,Charge 5
2024-06-08T13:30:07Z,87.0,Charge 5
2024-06-08T13:30:12Z,88.0,Charge 5
2024-06-08T13:30:17Z,87.0,Charge 5
2024-06-08T13:30:27Z,87.0,Charge 5
2024-06-08T13:30:36Z,87.0,Charge 5
2024-06-08T13:30:41Z,88.0,Charge 5
2024-06-08T13:30:56Z,88.0,Charge 5
2024-06-08T13:31:11Z,88.0,Charge 5
2024-06-08T13:31:16Z,88.0,Charge 5
2024-06-08T13:31:26Z,88.0,Charge 5
2024-06-08T13:31:31Z,85.0,Charge 5
2024-06-08T13:31:36Z,83.0,Charge 5
2024-06-08T13:31:41Z,84.0,Charge 5
2024-06-08T13:31:46Z,85.0,Charge 5
2024-06-08T13:31:56Z,86.0,Charge 5
2024-06-08T13:32:11Z,87.0,Charge 5
2024-06-08T13:35:12Z,70.0,Charge 5
2024-06-08T13:35:22Z,74.0,Charge 5
2024-06-08T13:35:27Z,88.0,Charge 5
2024-06-08T13:35:32Z,89.0,Charge 5
2024-06-08T13:35:37Z,88.0,Charge 5
2024-06-08T13:35:42Z,86.0,Charge 5
2024-06-08T13:35:57Z,86.0,Charge 5
2024-06-08T13:36:02Z,84.0,Charge 5
2024-06-08T13:36:17Z,84.0,Charge 5
2024-06-08T13:36:32Z,85.0,Charge 5
2024-06-08T13:36:42Z,87.0,Charge 5
2024-06-08T13:36:57Z,87.0,Charge 5
2024-06-08T13:37:02Z,88.0,Charge 5
2024-06-08T13:37:12Z,87.0,Charge 5
2024-06-08T13:37:22Z,86.0,Charge 5
2024-06-08T13:37:27Z,86.0,Charge 5
2024-06-08T13:37:32Z,87.0,Charge 5
2024-06-08T13:37:42Z,86.0,Charge 5
2024-06-08T13:37:47Z,85.0,Charge 5
2024-06-08T13:37:57Z,85.0,Charge 5
2024-06-08T13:38:12Z,87.0,Charge 5
2024-06-08T13:38:17Z,88.0,Charge 5
2024-06-08T13:38:27Z,87.0,Charge 5
2024-06-08T13:38:32Z,88.0,Charge 5
2024-06-08T13:38:37Z,89.0,Charge 5
2024-06-08T13:38:47Z,91.0,Charge 5
2024-06-08T13:38:52Z,96.0,Charge 5
2024-06-08T13:38:57Z,99.0,Charge 5
2024-06-08T13:39:02Z,100.0,Charge 5
2024-06-08T13:39:07Z,99.0,Charge 5
2024-06-08T13:39:12Z,98.0,Charge 5
2024-06-08T13:39:17Z,99.0,Charge 5
2024-06-08T13:39:22Z,98.0,Charge 5
2024-06-08T13:39:32Z,100.0,Charge 5
2024-06-08T13:39:37Z,102.0,Charge 5
2024-06-08T13:39:42Z,105.0,Charge 5
2024-06-08T13:39:47Z,107.0,Charge 5
2024-06-08T13:39:52Z,106.0,Charge 5
2024-06-08T13:39:57Z,104.0,Charge 5
2024-06-08T13:40:02Z,103.0,Charge 5
2024-06-08T13:40:07Z,102.0,Charge 5
2024-06-08T13:40:22Z,101.0,Charge 5
2024-06-08T13:40:27Z,100.0,Charge 5
2024-06-08T13:40:32Z,97.0,Charge 5
2024-06-08T13:40:37Z,100.0,Charge 5
2024-06-08T13:40:52Z,100.0,Charge 5
2024-06-08T13:40:57Z,99.0,Charge 5
2024-06-08T13:41:12Z,99.0,Charge 5
2024-06-08T13:41:17Z,101.0,Charge 5
2024-06-08T13:41:22Z,106.0,Charge 5
2024-06-08T13:41:27Z,109.0,Charge 5
2024-06-08T13:41:32Z,105.0,Charge 5
2024-06-08T13:41:37Z,106.0,Charge 5
2024-06-08T13:41:42Z,107.0,Charge 5
2024-06-08T13:41:47Z,104.0,Charge 5
2024-06-08T13:41:52Z,98.0,Charge 5
2024-06-08T13:41:57Z,94.0,Charge 5
2024-06-08T13:42:02Z,93.0,Charge 5
2024-06-08T13:42:07Z,92.0,Charge 5
2024-06-08T13:42:12Z,94.0,Charge 5
2024-06-08T13:42:17Z,95.0,Charge 5
2024-06-08T13:42:27Z,96.0,Charge 5
2024-06-08T13:42:32Z,98.0,Charge 5
2024-06-08T13:42:37Z,100.0,Charge 5
2024-06-08T13:42:42Z,98.0,Charge 5
2024-06-08T13:42:47Z,94.0,Charge 5
2024-06-08T13:42:52Z,93.0,Charge 5
2024-06-08T13:42:57Z,94.0,Charge 5
2024-06-08T13:43:02Z,98.0,Charge 5
2024-06-08T13:43:07Z,97.0,Charge 5
2024-06-08T13:43:12Z,95.0,Charge 5
2024-06-08T13:43:17Z,96.0,Charge 5
2024-06-08T13:43:22Z,101.0,Charge 5
2024-06-08T13:43:27Z,105.0,Charge 5
2024-06-08T13:43:32Z,103.0,Charge 5
2024-06-08T13:43:42Z,101.0,Charge 5
2024-06-08T13:43:47Z,100.0,Charge 5
2024-06-08T13:43:52Z,101.0,Charge 5
2024-06-08T13:43:57Z,102.0,Charge 5
2024-06-08T13:44:02Z,101.0,Charge 5
2024-06-08T13:44:07Z,100.0,Charge 5
2024-06-08T13:44:12Z,97.0,Charge 5
2024-06-08T13:44:17Z,93.0,Charge 5
2024-06-08T13:44:22Z,92.0,Charge 5
2024-06-08T13:44:27Z,91.0,Charge 5
2024-06-08T13:44:32Z,90.0,Charge 5
2024-06-08T13:44:37Z,89.0,Charge 5
2024-06-08T13:44:47Z,89.0,Charge 5
2024-06-08T13:44:52Z,89.0,Charge 5
2024-06-08T13:44:57Z,88.0,Charge 5
2024-06-08T13:45:07Z,88.0,Charge 5
2024-06-08T13:45:12Z,89.0,Charge 5
2024-06-08T13:45:17Z,90.0,Charge 5
2024-06-08T13:45:22Z,91.0,Charge 5
2024-06-08T13:45:32Z,90.0,Charge 5
2024-06-08T13:45:37Z,89.0,Charge 5
2024-06-08T13:45:43Z,87.0,Charge 5
2024-06-08T13:45:48Z,87.0,Charge 5
2024-06-08T13:46:03Z,87.0,Charge 5
2024-06-08T13:46:08Z,86.0,Charge 5
2024-06-08T13:46:23Z,86.0,Charge 5
2024-06-08T13:46:38Z,85.0,Charge 5
2024-06-08T13:46:48Z,84.0,Charge 5
2024-06-08T13:47:03Z,84.0,Charge 5
2024-06-08T13:47:08Z,84.0,Charge 5
2024-06-08T13:47:13Z,86.0,Charge 5
2024-06-08T13:47:28Z,86.0,Charge 5
2024-06-08T13:47:33Z,87.0,Charge 5
2024-06-08T13:47:38Z,86.0,Charge 5
2024-06-08T13:47:48Z,87.0,Charge 5
2024-06-08T13:47:53Z,89.0,Charge 5
2024-06-08T13:47:58Z,88.0,Charge 5
2024-06-08T13:48:03Z,86.0,Charge 5
2024-06-08T13:48:08Z,85.0,Charge 5
2024-06-08T13:48:23Z,85.0,Charge 5
2024-06-08T13:48:38Z,86.0,Charge 5
2024-06-08T13:48:48Z,87.0,Charge 5
2024-06-08T13:49:03Z,87.0,Charge 5
2024-06-08T13:49:13Z,87.0,Charge 5
2024-06-08T13:49:23Z,86.0,Charge 5
2024-06-08T13:49:28Z,87.0,Charge 5
2024-06-08T13:49:38Z,85.0,Charge 5
2024-06-08T13:49:43Z,84.0,Charge 5
2024-06-08T13:49:48Z,85.0,Charge 5
2024-06-08T13:49:58Z,86.0,Charge 5
2024-06-08T13:50:13Z,86.0,Charge 5
2024-06-08T13:50:28Z,86.0,Charge 5
2024-06-08T13:50:33Z,87.0,Charge 5
2024-06-08T13:50:43Z,86.0,Charge 5
2024-06-08T13:50:53Z,87.0,Charge 5
2024-06-08T13:51:08Z,87.0,Charge 5
2024-06-08T13:51:18Z,88.0,Charge 5
2024-06-08T13:51:23Z,87.0,Charge 5
2024-06-08T13:51:38Z,87.0,Charge 5
2024-06-08T13:51:53Z,87.0,Charge 5
2024-06-08T13:52:08Z,87.0,Charge 5
2024-06-08T13:52:23Z,86.0,Charge 5
2024-06-08T13:52:33Z,85.0,Charge 5
2024-06-08T13:52:48Z,85.0,Charge 5
2024-06-08T13:52:58Z,84.0,Charge 5
2024-06-08T13:53:08Z,85.0,Charge 5
2024-06-08T13:53:23Z,84.0,Charge 5
2024-06-08T13:53:28Z,83.0,Charge 5
2024-06-08T13:53:43Z,84.0,Charge 5
2024-06-08T13:53:53Z,85.0,Charge 5
2024-06-08T13:54:03Z,84.0,Charge 5
2024-06-08T13:54:08Z,83.0,Charge 5
2024-06-08T13:54:23Z,84.0,Charge 5
2024-06-08T13:54:38Z,85.0,Charge 5
2024-06-08T13:54:48Z,84.0,Charge 5
2024-06-08T13:54:53Z,84.0,Charge 5
2024-06-08T13:55:03Z,85.0,Charge 5
2024-06-08T13:55:08Z,88.0,Charge 5
2024-06-08T13:55:13Z,89.0,Charge 5
2024-06-08T13:55:18Z,87.0,Charge 5
2024-06-08T13:55:23Z,87.0,Charge 5
2024-06-08T13:55:38Z,86.0,Charge 5
2024-06-08T13:55:43Z,85.0,Charge 5
2024-06-08T13:55:58Z,85.0,Charge 5
2024-06-08T13:56:08Z,84.0,Charge 5
2024-06-08T13:56:18Z,85.0,Charge 5
2024-06-08T13:56:28Z,84.0,Charge 5
2024-06-08T13:56:33Z,84.0,Charge 5
2024-06-08T13:56:38Z,84.0,Charge 5
2024-06-08T13:56:48Z,83.0,Charge 5
2024-06-08T13:56:58Z,82.0,Charge 5
2024-06-08T13:57:03Z,83.0,Charge 5
2024-06-08T13:57:13Z,82.0,Charge 5
2024-06-08T13:57:18Z,81.0,Charge 5
2024-06-08T13:57:28Z,83.0,Charge 5
2024-06-08T13:57:33Z,84.0,Charge 5
2024-06-08T13:57:38Z,83.0,Charge 5
2024-06-08T13:57:48Z,80.0,Charge 5
2024-06-08T13:57:53Z,76.0,Charge 5
2024-06-08T13:57:58Z,79.0,Charge 5
2024-06-08T13:58:03Z,80.0,Charge 5
2024-06-08T13:58:13Z,82.0,Charge 5
2024-06-08T13:58:18Z,83.0,Charge 5
2024-06-08T13:58:23Z,84.0,Charge 5
2024-06-08T13:58:28Z,83.0,Charge 5
2024-06-08T13:58:43Z,83.0,Charge 5
2024-06-08T13:58:48Z,82.0,Charge 5
2024-06-08T13:58:58Z,83.0,Charge 5
2024-06-08T13:59:13Z,83.0,Charge 5
2024-06-08T13:59:18Z,82.0,Charge 5
2024-06-08T13:59:28Z,82.0,Charge 5
2024-06-08T13:59:43Z,83.0,Charge 5
2024-06-08T13:59:48Z,84.0,Charge 5
2024-06-08T13:59:53Z,86.0,Charge 5
2024-06-08T13:59:58Z,87.0,Charge 5
2024-06-08T14:00:13Z,87.0,Charge 5
2024-06-08T14:00:18Z,85.0,Charge 5
2024-06-08T14:00:23Z,83.0,Charge 5
2024-06-08T14:00:33Z,84.0,Charge 5
2024-06-08T14:00:47Z,84.0,Charge 5
2024-06-08T14:00:52Z,88.0,Charge 5
2024-06-08T14:00:57Z,90.0,Charge 5
2024-06-08T14:01:07Z,91.0,Charge 5
2024-06-08T14:01:12Z,90.0,Charge 5
2024-06-08T14:01:17Z,89.0,Charge 5
2024-06-08T14:01:22Z,88.0,Charge 5
2024-06-08T14:01:27Z,85.0,Charge 5
2024-06-08T14:01:32Z,82.0,Charge 5
2024-06-08T14:01:37Z,79.0,Charge 5
2024-06-08T14:01:47Z,80.0,Charge 5
2024-06-08T14:01:52Z,81.0,Charge 5
2024-06-08T14:01:57Z,81.0,Charge 5
2024-06-08T14:02:02Z,78.0,Charge 5
2024-06-08T14:02:07Z,77.0,Charge 5
2024-06-08T14:02:12Z,78.0,Charge 5
2024-06-08T14:02:17Z,80.0,Charge 5
2024-06-08T14:02:22Z,82.0,Charge 5
2024-06-08T14:02:27Z,83.0,Charge 5
2024-06-08T14:02:37Z,83.0,Charge 5
2024-06-08T14:02:42Z,86.0,Charge 5
2024-06-08T14:02:47Z,89.0,Charge 5
2024-06-08T14:02:52Z,88.0,Charge 5
2024-06-08T14:02:57Z,87.0,Charge 5
2024-06-08T14:03:02Z,85.0,Charge 5
2024-06-08T14:03:07Z,83.0,Charge 5
2024-06-08T14:03:22Z,83.0,Charge 5
2024-06-08T14:03:27Z,83.0,Charge 5
2024-06-08T14:03:32Z,82.0,Charge 5
2024-06-08T14:03:42Z,81.0,Charge 5
2024-06-08T14:03:47Z,80.0,Charge 5
2024-06-08T14:04:02Z,81.0,Charge 5
2024-06-08T14:04:12Z,82.0,Charge 5
2024-06-08T14:04:27Z,81.0,Charge 5
2024-06-08T14:04:42Z,81.0,Charge 5
2024-06-08T14:04:52Z,79.0,Charge 5
2024-06-08T14:04:57Z,78.0,Charge 5
2024-06-08T14:05:02Z,77.0,Charge 5
2024-06-08T14:05:07Z,76.0,Charge 5
2024-06-08T14:05:12Z,75.0,Charge 5
2024-06-08T14:05:22Z,76.0,Charge 5
2024-06-08T14:05:32Z,77.0,Charge 5
2024-06-08T14:05:37Z,78.0,Charge 5
2024-06-08T14:05:42Z,79.0,Charge 5
2024-06-08T14:05:47Z,81.0,Charge 5
2024-06-08T14:06:02Z,80.0,Charge 5
2024-06-08T14:06:17Z,80.0,Charge 5
2024-06-08T14:06:22Z,81.0,Charge 5
2024-06-08T14:06:27Z,82.0,Charge 5
2024-06-08T14:06:42Z,82.0,Charge 5
2024-06-08T14:06:47Z,81.0,Charge 5
2024-06-08T14:07:02Z,80.0,Charge 5
2024-06-08T14:07:07Z,79.0,Charge 5
2024-06-08T14:07:12Z,78.0,Charge 5
2024-06-08T14:07:17Z,78.0,Charge 5
2024-06-08T14:07:22Z,77.0,Charge 5
2024-06-08T14:07:37Z,77.0,Charge 5
2024-06-08T14:07:42Z,78.0,Charge 5
2024-06-08T14:07:47Z,80.0,Charge 5
2024-06-08T14:07:52Z,81.0,Charge 5
2024-06-08T14:08:02Z,80.0,Charge 5
2024-06-08T14:08:17Z,80.0,Charge 5
2024-06-08T14:08:33Z,80.0,Charge 5
2024-06-08T14:08:43Z,80.0,Charge 5
2024-06-08T14:08:53Z,81.0,Charge 5
2024-06-08T14:09:03Z,80.0,Charge 5
2024-06-08T14:09:18Z,81.0,Charge 5
2024-06-08T14:09:23Z,83.0,Charge 5
2024-06-08T14:09:33Z,81.0,Charge 5
2024-06-08T14:09:43Z,80.0,Charge 5
2024-06-08T14:09:53Z,79.0,Charge 5
2024-06-08T14:09:58Z,77.0,Charge 5
2024-06-08T14:10:03Z,75.0,Charge 5
2024-06-08T14:10:13Z,76.0,Charge 5
2024-06-08T14:10:18Z,77.0,Charge 5
2024-06-08T14:10:23Z,79.0,Charge 5
2024-06-08T14:10:28Z,81.0,Charge 5
2024-06-08T14:10:43Z,81.0,Charge 5
2024-06-08T14:10:48Z,82.0,Charge 5
2024-06-08T14:10:58Z,83.0,Charge 5
2024-06-08T14:11:13Z,82.0,Charge 5
2024-06-08T14:11:18Z,81.0,Charge 5
2024-06-08T14:11:23Z,80.0,Charge 5
2024-06-08T14:11:28Z,79.0,Charge 5
2024-06-08T14:11:33Z,81.0,Charge 5
2024-06-08T14:11:38Z,82.0,Charge 5
2024-06-08T14:11:48Z,83.0,Charge 5
2024-06-08T14:11:53Z,84.0,Charge 5
2024-06-08T14:12:08Z,84.0,Charge 5
2024-06-08T14:12:13Z,82.0,Charge 5
2024-06-08T14:12:18Z,79.0,Charge 5
2024-06-08T14:12:33Z,80.0,Charge 5
2024-06-08T14:12:38Z,82.0,Charge 5
2024-06-08T14:12:43Z,83.0,Charge 5
2024-06-08T14:12:48Z,82.0,Charge 5
2024-06-08T14:12:58Z,81.0,Charge 5
2024-06-08T14:13:03Z,79.0,Charge 5
2024-06-08T14:13:18Z,80.0,Charge 5
2024-06-08T14:13:23Z,81.0,Charge 5
2024-06-08T14:13:28Z,82.0,Charge 5
2024-06-08T14:13:43Z,81.0,Charge 5
2024-06-08T14:13:48Z,80.0,Charge 5
2024-06-08T14:13:58Z,79.0,Charge 5
2024-06-08T14:14:03Z,78.0,Charge 5
2024-06-08T14:14:08Z,77.0,Charge 5
2024-06-08T14:14:13Z,79.0,Charge 5
2024-06-08T14:14:18Z,80.0,Charge 5
2024-06-08T14:14:28Z,81.0,Charge 5
2024-06-08T14:14:38Z,79.0,Charge 5
2024-06-08T14:14:53Z,80.0,Charge 5
2024-06-08T14:14:58Z,82.0,Charge 5
2024-06-08T14:15:03Z,81.0,Charge 5
2024-06-08T14:15:13Z,82.0,Charge 5
2024-06-08T14:15:18Z,81.0,Charge 5
2024-06-08T14:15:33Z,80.0,Charge 5
2024-06-08T14:15:38Z,79.0,Charge 5
2024-06-08T14:15:43Z,79.0,Charge 5
2024-06-08T14:15:54Z,81.0,Charge 5
2024-06-08T14:15:59Z,83.0,Charge 5
2024-06-08T14:16:04Z,84.0,Charge 5
2024-06-08T14:16:19Z,83.0,Charge 5
2024-06-08T14:16:34Z,83.0,Charge 5
2024-06-08T14:16:39Z,82.0,Charge 5
2024-06-08T14:16:44Z,81.0,Charge 5
2024-06-08T14:16:49Z,80.0,Charge 5
2024-06-08T14:16:54Z,78.0,Charge 5
2024-06-08T14:17:09Z,79.0,Charge 5
2024-06-08T14:17:14Z,80.0,Charge 5
2024-06-08T14:17:19Z,83.0,Charge 5
2024-06-08T14:17:24Z,84.0,Charge 5
2024-06-08T14:17:29Z,86.0,Charge 5
2024-06-08T14:17:34Z,84.0,Charge 5
2024-06-08T14:17:39Z,83.0,Charge 5
2024-06-08T14:17:49Z,82.0,Charge 5
2024-06-08T14:17:54Z,80.0,Charge 5
2024-06-08T14:17:59Z,78.0,Charge 5
2024-06-08T14:18:09Z,81.0,Charge 5
2024-06-08T14:18:14Z,82.0,Charge 5
2024-06-08T14:18:24Z,81.0,Charge 5
2024-06-08T14:18:29Z,82.0,Charge 5
2024-06-08T14:18:34Z,81.0,Charge 5
2024-06-08T14:18:44Z,82.0,Charge 5
2024-06-08T14:18:49Z,83.0,Charge 5
2024-06-08T14:18:54Z,82.0,Charge 5
2024-06-08T14:18:59Z,81.0,Charge 5
2024-06-08T14:19:04Z,82.0,Charge 5
2024-06-08T14:19:09Z,81.0,Charge 5
2024-06-08T14:19:14Z,80.0,Charge 5
2024-06-08T14:19:19Z,79.0,Charge 5
2024-06-08T14:19:34Z,79.0,Charge 5
2024-06-08T14:19:39Z,82.0,Charge 5
2024-06-08T14:19:49Z,81.0,Charge 5
2024-06-08T14:19:54Z,80.0,Charge 5
2024-06-08T14:20:09Z,81.0,Charge 5
2024-06-08T14:20:14Z,82.0,Charge 5
2024-06-08T14:20:19Z,83.0,Charge 5
2024-06-08T14:20:24Z,81.0,Charge 5
2024-06-08T14:20:34Z,82.0,Charge 5
2024-06-08T14:20:39Z,83.0,Charge 5
2024-06-08T14:20:44Z,81.0,Charge 5
2024-06-08T14:20:49Z,79.0,Charge 5
2024-06-08T14:20:54Z,78.0,Charge 5
2024-06-08T14:21:09Z,79.0,Charge 5
2024-06-08T14:21:24Z,79.0,Charge 5
2024-06-08T14:21:29Z,81.0,Charge 5
2024-06-08T14:21:39Z,82.0,Charge 5
2024-06-08T14:21:44Z,83.0,Charge 5
2024-06-08T14:21:49Z,82.0,Charge 5
2024-06-08T14:21:54Z,81.0,Charge 5
2024-06-08T14:22:04Z,82.0,Charge 5
2024-06-08T14:22:09Z,83.0,Charge 5
2024-06-08T14:22:14Z,82.0,Charge 5
2024-06-08T14:22:19Z,80.0,Charge 5
2024-06-08T14:22:24Z,78.0,Charge 5
2024-06-08T14:22:29Z,79.0,Charge 5
2024-06-08T14:22:34Z,80.0,Charge 5
2024-06-08T14:22:44Z,78.0,Charge 5
2024-06-08T14:22:49Z,79.0,Charge 5
2024-06-08T14:22:54Z,82.0,Charge 5
2024-06-08T14:22:59Z,83.0,Charge 5
2024-06-08T14:23:04Z,81.0,Charge 5
2024-06-08T14:23:09Z,80.0,Charge 5
2024-06-08T14:23:14Z,79.0,Charge 5
2024-06-08T14:23:24Z,80.0,Charge 5
2024-06-08T14:23:29Z,82.0,Charge 5
2024-06-08T14:23:34Z,84.0,Charge 5
2024-06-08T14:23:39Z,85.0,Charge 5
2024-06-08T14:23:54Z,85.0,Charge 5
2024-06-08T14:23:59Z,83.0,Charge 5
2024-06-08T14:24:04Z,81.0,Charge 5
2024-06-08T14:24:09Z,80.0,Charge 5
2024-06-08T14:24:19Z,79.0,Charge 5
2024-06-08T14:24:34Z,80.0,Charge 5
2024-06-08T14:24:49Z,79.0,Charge 5
2024-06-08T14:24:54Z,80.0,Charge 5
2024-06-08T14:25:04Z,81.0,Charge 5
2024-06-08T14:25:09Z,82.0,Charge 5
2024-06-08T14:25:14Z,83.0,Charge 5
2024-06-08T14:25:19Z,83.0,Charge 5
2024-06-08T14:25:34Z,82.0,Charge 5
2024-06-08T14:25:49Z,82.0,Charge 5
2024-06-08T14:25:59Z,81.0,Charge 5
2024-06-08T14:26:09Z,80.0,Charge 5
2024-06-08T14:26:14Z,78.0,Charge 5
2024-06-08T14:26:24Z,79.0,Charge 5
2024-06-08T14:26:39Z,81.0,Charge 5
2024-06-08T14:26:44Z,82.0,Charge 5
2024-06-08T14:26:54Z,80.0,Charge 5
2024-06-08T14:27:04Z,79.0,Charge 5
2024-06-08T14:27:14Z,78.0,Charge 5
2024-06-08T14:27:24Z,79.0,Charge 5
2024-06-08T14:27:29Z,80.0,Charge 5
2024-06-08T14:27:34Z,81.0,Charge 5
2024-06-08T14:27:44Z,80.0,Charge 5
2024-06-08T14:27:49Z,79.0,Charge 5
2024-06-08T14:28:04Z,79.0,Charge 5
2024-06-08T14:28:09Z,80.0,Charge 5
2024-06-08T14:28:14Z,82.0,Charge 5
2024-06-08T14:28:19Z,81.0,Charge 5
2024-06-08T14:28:29Z,80.0,Charge 5
2024-06-08T14:28:34Z,79.0,Charge 5
2024-06-08T14:28:39Z,80.0,Charge 5
2024-06-08T14:28:54Z,80.0,Charge 5
2024-06-08T14:29:04Z,79.0,Charge 5
2024-06-08T14:29:09Z,80.0,Charge 5
2024-06-08T14:29:14Z,79.0,Charge 5
2024-06-08T14:29:19Z,78.0,Charge 5
2024-06-08T14:29:29Z,79.0,Charge 5
2024-06-08T14:29:34Z,84.0,Charge 5
2024-06-08T14:29:39Z,95.0,Charge 5
2024-06-08T14:29:44Z,101.0,Charge 5
2024-06-08T14:29:54Z,98.0,Charge 5
2024-06-08T14:29:59Z,95.0,Charge 5
2024-06-08T14:30:09Z,90.0,Charge 5
2024-06-08T14:30:14Z,88.0,Charge 5
2024-06-08T14:30:19Z,87.0,Charge 5
2024-06-08T14:30:29Z,88.0,Charge 5
2024-06-08T14:30:34Z,86.0,Charge 5
2024-06-08T14:30:39Z,84.0,Charge 5
2024-06-08T14:30:44Z,82.0,Charge 5
2024-06-08T14:30:49Z,80.0,Charge 5
2024-06-08T14:30:54Z,78.0,Charge 5
2024-06-08T14:30:59Z,76.0,Charge 5
2024-06-08T14:31:04Z,75.0,Charge 5
2024-06-08T14:31:19Z,74.0,Charge 5
2024-06-08T14:31:24Z,75.0,Charge 5
2024-06-08T14:31:34Z,76.0,Charge 5
2024-06-08T14:31:49Z,78.0,Charge 5
2024-06-08T14:31:54Z,79.0,Charge 5
2024-06-08T14:32:04Z,78.0,Charge 5
2024-06-08T14:32:19Z,78.0,Charge 5
2024-06-08T14:32:24Z,78.0,Charge 5
2024-06-08T14:32:29Z,79.0,Charge 5
2024-06-08T14:32:34Z,80.0,Charge 5
2024-06-08T14:32:44Z,80.0,Charge 5
2024-06-08T14:32:49Z,79.0,Charge 5
2024-06-08T14:32:54Z,78.0,Charge 5
2024-06-08T14:32:59Z,77.0,Charge 5
2024-06-08T14:33:09Z,78.0,Charge 5
2024-06-08T14:33:24Z,78.0,Charge 5
2024-06-08T14:33:29Z,79.0,Charge 5
2024-06-08T14:33:39Z,80.0,Charge 5
2024-06-08T14:33:44Z,79.0,Charge 5
2024-06-08T14:33:49Z,78.0,Charge 5
2024-06-08T14:34:04Z,77.0,Charge 5
2024-06-08T14:34:14Z,78.0,Charge 5
2024-06-08T14:34:24Z,77.0,Charge 5
2024-06-08T14:34:29Z,76.0,Charge 5
2024-06-08T14:34:39Z,77.0,Charge 5
2024-06-08T14:34:44Z,79.0,Charge 5
2024-06-08T14:34:49Z,80.0,Charge 5
2024-06-08T14:34:59Z,81.0,Charge 5
2024-06-08T14:35:09Z,80.0,Charge 5
2024-06-08T14:35:24Z,81.0,Charge 5
2024-06-08T14:35:29Z,80.0,Charge 5
2024-06-08T14:35:34Z,79.0,Charge 5
2024-06-08T14:35:39Z,78.0,Charge 5
2024-06-08T14:35:54Z,79.0,Charge 5
2024-06-08T14:35:59Z,79.0,Charge 5
2024-06-08T14:36:04Z,80.0,Charge 5
2024-06-08T14:36:09Z,79.0,Charge 5
2024-06-08T14:36:14Z,78.0,Charge 5
2024-06-08T14:36:29Z,79.0,Charge 5
2024-06-08T14:36:34Z,78.0,Charge 5
2024-06-08T14:36:39Z,76.0,Charge 5
2024-06-08T14:36:44Z,75.0,Charge 5
2024-06-08T14:36:54Z,76.0,Charge 5
2024-06-08T14:36:59Z,75.0,Charge 5
2024-06-08T14:37:09Z,77.0,Charge 5
2024-06-08T14:37:24Z,77.0,Charge 5
2024-06-08T14:37:29Z,79.0,Charge 5
2024-06-08T14:37:44Z,79.0,Charge 5
2024-06-08T14:37:49Z,77.0,Charge 5
2024-06-08T14:38:04Z,77.0,Charge 5
2024-06-08T14:38:19Z,77.0,Charge 5
2024-06-08T14:38:34Z,79.0,Charge 5
2024-06-08T14:38:39Z,76.0,Charge 5
2024-06-08T14:38:44Z,75.0,Charge 5
2024-06-08T14:38:49Z,77.0,Charge 5
2024-06-08T14:39:04Z,77.0,Charge 5
2024-06-08T14:39:14Z,78.0,Charge 5
2024-06-08T14:39:19Z,79.0,Charge 5
2024-06-08T14:39:24Z,80.0,Charge 5
2024-06-08T14:39:29Z,79.0,Charge 5
2024-06-08T14:39:34Z,77.0,Charge 5
2024-06-08T14:39:39Z,77.0,Charge 5
2024-06-08T14:39:44Z,78.0,Charge 5
2024-06-08T14:39:49Z,77.0,Charge 5
2024-06-08T14:39:54Z,76.0,Charge 5
2024-06-08T14:40:04Z,77.0,Charge 5
2024-06-08T14:40:09Z,78.0,Charge 5
2024-06-08T14:40:14Z,79.0,Charge 5
2024-06-08T14:40:19Z,81.0,Charge 5
2024-06-08T14:40:24Z,84.0,Charge 5
2024-06-08T14:40:29Z,92.0,Charge 5
2024-06-08T14:40:34Z,91.0,Charge 5
2024-06-08T14:40:39Z,89.0,Charge 5
2024-06-08T14:40:44Z,86.0,Charge 5
2024-06-08T14:40:49Z,83.0,Charge 5
2024-06-08T14:40:54Z,81.0,Charge 5
2024-06-08T14:40:59Z,79.0,Charge 5
2024-06-08T14:41:14Z,79.0,Charge 5
2024-06-08T14:41:24Z,80.0,Charge 5
2024-06-08T14:41:34Z,79.0,Charge 5
2024-06-08T14:41:39Z,80.0,Charge 5
2024-06-08T14:41:49Z,79.0,Charge 5
2024-06-08T14:41:54Z,78.0,Charge 5
2024-06-08T14:41:59Z,77.0,Charge 5
2024-06-08T14:42:04Z,76.0,Charge 5
2024-06-08T14:42:09Z,75.0,Charge 5
2024-06-08T14:42:24Z,76.0,Charge 5
2024-06-08T14:42:29Z,78.0,Charge 5
2024-06-08T14:42:34Z,80.0,Charge 5
2024-06-08T14:42:39Z,81.0,Charge 5
2024-06-08T14:42:44Z,80.0,Charge 5
2024-06-08T14:42:49Z,79.0,Charge 5
2024-06-08T14:42:54Z,77.0,Charge 5
2024-06-08T14:43:09Z,79.0,Charge 5
2024-06-08T14:43:14Z,80.0,Charge 5
2024-06-08T14:43:24Z,79.0,Charge 5
2024-06-08T14:43:39Z,77.0,Charge 5
2024-06-08T14:43:44Z,75.0,Charge 5
2024-06-08T14:43:54Z,76.0,Charge 5
2024-06-08T14:43:59Z,75.0,Charge 5
2024-06-08T14:44:04Z,76.0,Charge 5
2024-06-08T14:44:09Z,78.0,Charge 5
2024-06-08T14:44:14Z,79.0,Charge 5
2024-06-08T14:44:19Z,80.0,Charge 5
2024-06-08T14:44:24Z,81.0,Charge 5
2024-06-08T14:44:39Z,83.0,Charge 5
2024-06-08T14:44:44Z,82.0,Charge 5
2024-06-08T14:44:49Z,79.0,Charge 5
2024-06-08T14:44:54Z,78.0,Charge 5
2024-06-08T14:45:04Z,77.0,Charge 5
2024-06-08T14:45:09Z,76.0,Charge 5
2024-06-08T14:45:14Z,74.0,Charge 5
2024-06-08T14:45:24Z,76.0,Charge 5
2024-06-08T14:45:34Z,77.0,Charge 5
2024-06-08T14:45:39Z,77.0,Charge 5
2024-06-08T14:45:44Z,78.0,Charge 5
2024-06-08T14:45:54Z,78.0,Charge 5
2024-06-08T14:46:04Z,80.0,Charge 5
2024-06-08T14:46:14Z,79.0,Charge 5
2024-06-08T14:46:29Z,80.0,Charge 5
2024-06-08T14:46:39Z,78.0,Charge 5
2024-06-08T14:46:44Z,77.0,Charge 5
2024-06-08T14:46:49Z,76.0,Charge 5
2024-06-08T14:47:04Z,77.0,Charge 5
2024-06-08T14:47:14Z,78.0,Charge 5
2024-06-08T14:47:19Z,81.0,Charge 5
2024-06-08T14:47:24Z,82.0,Charge 5
2024-06-08T14:47:29Z,83.0,Charge 5
2024-06-08T14:47:34Z,82.0,Charge 5
2024-06-08T14:47:44Z,83.0,Charge 5
2024-06-08T14:47:49Z,84.0,Charge 5
2024-06-08T14:47:54Z,85.0,Charge 5
2024-06-08T14:47:59Z,84.0,Charge 5
2024-06-08T14:48:04Z,83.0,Charge 5
2024-06-08T14:48:09Z,80.0,Charge 5
2024-06-08T14:48:19Z,79.0,Charge 5
2024-06-08T14:48:29Z,79.0,Charge 5
2024-06-08T14:48:39Z,82.0,Charge 5
2024-06-08T14:48:44Z,92.0,Charge 5
2024-06-08T14:48:49Z,96.0,Charge 5
2024-06-08T14:48:54Z,95.0,Charge 5
2024-06-08T14:48:59Z,91.0,Charge 5
2024-06-08T14:49:04Z,90.0,Charge 5
2024-06-08T14:49:09Z,91.0,Charge 5
2024-06-08T14:49:14Z,90.0,Charge 5
2024-06-08T14:49:19Z,88.0,Charge 5
2024-06-08T14:49:34Z,86.0,Charge 5
2024-06-08T14:49:39Z,83.0,Charge 5
2024-06-08T14:49:44Z,79.0,Charge 5
2024-06-08T14:49:49Z,76.0,Charge 5
2024-06-08T14:49:54Z,75.0,Charge 5
2024-06-08T14:50:04Z,77.0,Charge 5
2024-06-08T14:50:09Z,79.0,Charge 5
2024-06-08T14:50:19Z,78.0,Charge 5
2024-06-08T14:50:24Z,77.0,Charge 5
2024-06-08T14:50:34Z,80.0,Charge 5
2024-06-08T14:50:39Z,84.0,Charge 5
2024-06-08T14:50:44Z,85.0,Charge 5
2024-06-08T14:50:49Z,86.0,Charge 5
2024-06-08T14:50:59Z,85.0,Charge 5
2024-06-08T14:51:04Z,81.0,Charge 5
2024-06-08T14:51:14Z,82.0,Charge 5
2024-06-08T14:51:19Z,89.0,Charge 5
2024-06-08T14:51:24Z,92.0,Charge 5
2024-06-08T14:51:29Z,91.0,Charge 5
2024-06-08T14:51:44Z,88.0,Charge 5
2024-06-08T14:51:49Z,87.0,Charge 5
2024-06-08T14:51:54Z,88.0,Charge 5
2024-06-08T14:51:59Z,89.0,Charge 5
2024-06-08T14:52:04Z,87.0,Charge 5
2024-06-08T14:52:19Z,87.0,Charge 5
2024-06-08T14:52:29Z,88.0,Charge 5
2024-06-08T14:52:34Z,89.0,Charge 5
2024-06-08T14:52:44Z,87.0,Charge 5
2024-06-08T14:52:49Z,86.0,Charge 5
2024-06-08T14:52:59Z,88.0,Charge 5
2024-06-08T14:53:04Z,89.0,Charge 5
2024-06-08T14:53:09Z,89.0,Charge 5
2024-06-08T14:53:19Z,93.0,Charge 5
2024-06-08T14:53:24Z,94.0,Charge 5
2024-06-08T14:53:29Z,92.0,Charge 5
2024-06-08T14:53:34Z,91.0,Charge 5
2024-06-08T14:53:39Z,90.0,Charge 5
2024-06-08T14:53:44Z,89.0,Charge 5
2024-06-08T14:53:49Z,88.0,Charge 5
2024-06-08T14:53:59Z,86.0,Charge 5
2024-06-08T14:54:14Z,85.0,Charge 5
2024-06-08T14:54:19Z,85.0,Charge 5
2024-06-08T14:54:34Z,85.0,Charge 5
2024-06-08T14:54:39Z,86.0,Charge 5
2024-06-08T14:54:44Z,87.0,Charge 5
2024-06-08T14:54:49Z,91.0,Charge 5
2024-06-08T14:54:54Z,92.0,Charge 5
2024-06-08T14:54:59Z,90.0,Charge 5
2024-06-08T14:55:04Z,86.0,Charge 5
2024-06-08T14:55:09Z,84.0,Charge 5
2024-06-08T14:55:14Z,80.0,Charge 5
2024-06-08T14:55:19Z,78.0,Charge 5
2024-06-08T14:55:24Z,79.0,Charge 5
2024-06-08T14:55:29Z,78.0,Charge 5
2024-06-08T14:55:34Z,79.0,Charge 5
2024-06-08T14:55:39Z,80.0,Charge 5
2024-06-08T14:55:44Z,80.0,Charge 5
2024-06-08T14:55:49Z,83.0,Charge 5
2024-06-08T14:55:54Z,84.0,Charge 5
2024-06-08T14:55:59Z,85.0,Charge 5
2024-06-08T14:56:04Z,86.0,Charge 5
2024-06-08T14:56:09Z,88.0,Charge 5
2024-06-08T14:56:14Z,92.0,Charge 5
2024-06-08T14:56:19Z,94.0,Charge 5
2024-06-08T14:56:24Z,93.0,Charge 5
2024-06-08T14:56:34Z,91.0,Charge 5
2024-06-08T14:56:39Z,86.0,Charge 5
2024-06-08T14:56:44Z,83.0,Charge 5
2024-06-08T14:56:49Z,84.0,Charge 5
2024-06-08T14:56:59Z,86.0,Charge 5
2024-06-08T14:57:04Z,88.0,Charge 5
2024-06-08T14:57:09Z,88.0,Charge 5
2024-06-08T14:57:14Z,90.0,Charge 5
2024-06-08T14:57:24Z,89.0,Charge 5
2024-06-08T14:57:34Z,88.0,Charge 5
2024-06-08T14:57:39Z,87.0,Charge 5
2024-06-08T14:57:49Z,88.0,Charge 5
2024-06-08T14:57:54Z,89.0,Charge 5
2024-06-08T14:57:59Z,90.0,Charge 5
2024-06-08T14:58:04Z,91.0,Charge 5
2024-06-08T14:58:09Z,85.0,Charge 5
2024-06-08T14:58:19Z,83.0,Charge 5
2024-06-08T14:58:29Z,84.0,Charge 5
2024-06-08T14:58:34Z,86.0,Charge 5
2024-06-08T14:58:44Z,85.0,Charge 5
2024-06-08T14:58:49Z,86.0,Charge 5
2024-06-08T14:58:54Z,89.0,Charge 5
2024-06-08T14:58:59Z,90.0,Charge 5
2024-06-08T14:59:04Z,91.0,Charge 5
2024-06-08T14:59:09Z,90.0,Charge 5
2024-06-08T14:59:14Z,89.0,Charge 5
2024-06-08T14:59:24Z,87.0,Charge 5
2024-06-08T14:59:29Z,85.0,Charge 5
2024-06-08T14:59:44Z,85.0,Charge 5
2024-06-08T14:59:49Z,86.0,Charge 5
2024-06-08T14:59:54Z,87.0,Charge 5
2024-06-08T14:59:59Z,89.0,Charge 5
2024-06-08T15:00:04Z,90.0,Charge 5
2024-06-08T15:00:09Z,88.0,Charge 5
2024-06-08T15:00:14Z,87.0,Charge 5
2024-06-08T15:00:19Z,86.0,Charge 5
2024-06-08T15:00:24Z,85.0,Charge 5
2024-06-08T15:00:29Z,85.0,Charge 5
2024-06-08T15:00:39Z,86.0,Charge 5
2024-06-08T15:00:49Z,87.0,Charge 5
2024-06-08T15:00:54Z,87.0,Charge 5
2024-06-08T15:01:09Z,89.0,Charge 5
2024-06-08T15:01:14Z,90.0,Charge 5
2024-06-08T15:01:19Z,91.0,Charge 5
2024-06-08T15:01:29Z,92.0,Charge 5
2024-06-08T15:01:44Z,95.0,Charge 5
2024-06-08T15:01:49Z,94.0,Charge 5
2024-06-08T15:01:54Z,94.0,Charge 5
2024-06-08T15:02:09Z,94.0,Charge 5
2024-06-08T15:02:14Z,91.0,Charge 5
2024-06-08T15:02:19Z,88.0,Charge 5
2024-06-08T15:02:24Z,87.0,Charge 5
2024-06-08T15:02:29Z,88.0,Charge 5
2024-06-08T15:02:34Z,89.0,Charge 5
2024-06-08T15:02:39Z,90.0,Charge 5
2024-06-08T15:02:44Z,88.0,Charge 5
2024-06-08T15:02:49Z,87.0,Charge 5
2024-06-08T15:02:54Z,86.0,Charge 5
2024-06-08T15:03:04Z,85.0,Charge 5
2024-06-08T15:03:09Z,84.0,Charge 5
2024-06-08T15:03:24Z,83.0,Charge 5
2024-06-08T15:03:29Z,82.0,Charge 5
2024-06-08T15:03:34Z,82.0,Charge 5
2024-06-08T15:03:39Z,81.0,Charge 5
2024-06-08T15:03:44Z,81.0,Charge 5
2024-06-08T15:03:54Z,82.0,Charge 5
2024-06-08T15:04:04Z,83.0,Charge 5
2024-06-08T15:04:09Z,88.0,Charge 5
2024-06-08T15:04:14Z,90.0,Charge 5
2024-06-08T15:04:19Z,86.0,Charge 5
2024-06-08T15:04:24Z,82.0,Charge 5
2024-06-08T15:04:34Z,83.0,Charge 5
2024-06-08T15:04:39Z,81.0,Charge 5
2024-06-08T15:04:49Z,82.0,Charge 5
2024-06-08T15:04:54Z,83.0,Charge 5
2024-06-08T15:04:59Z,84.0,Charge 5
2024-06-08T15:05:09Z,83.0,Charge 5
2024-06-08T15:05:19Z,84.0,Charge 5
2024-06-08T15:05:24Z,85.0,Charge 5
2024-06-08T15:05:29Z,86.0,Charge 5
2024-06-08T15:05:39Z,86.0,Charge 5
2024-06-08T15:05:54Z,86.0,Charge 5
2024-06-08T15:05:59Z,85.0,Charge 5
2024-06-08T15:06:04Z,86.0,Charge 5
2024-06-08T15:06:09Z,87.0,Charge 5
2024-06-08T15:06:24Z,87.0,Charge 5
2024-06-08T15:06:29Z,88.0,Charge 5
2024-06-08T15:06:39Z,87.0,Charge 5
2024-06-08T15:06:44Z,85.0,Charge 5
2024-06-08T15:06:54Z,86.0,Charge 5
2024-06-08T15:06:59Z,88.0,Charge 5
2024-06-08T15:07:04Z,87.0,Charge 5
2024-06-08T15:07:09Z,86.0,Charge 5
2024-06-08T15:07:14Z,85.0,Charge 5
2024-06-08T15:07:19Z,84.0,Charge 5
2024-06-08T15:07:29Z,85.0,Charge 5
2024-06-08T15:07:34Z,86.0,Charge 5
2024-06-08T15:07:49Z,86.0,Charge 5
2024-06-08T15:07:59Z,86.0,Charge 5
2024-06-08T15:08:09Z,87.0,Charge 5
2024-06-08T15:08:14Z,88.0,Charge 5
2024-06-08T15:08:24Z,87.0,Charge 5
2024-06-08T15:08:39Z,87.0,Charge 5
2024-06-08T15:08:49Z,86.0,Charge 5
2024-06-08T15:08:59Z,86.0,Charge 5
2024-06-08T15:09:14Z,91.0,Charge 5
2024-06-08T15:09:19Z,95.0,Charge 5
2024-06-08T15:09:34Z,95.0,Charge 5
2024-06-08T15:09:39Z,96.0,Charge 5
2024-06-08T15:09:44Z,97.0,Charge 5
2024-06-08T15:09:59Z,100.0,Charge 5
2024-06-08T15:10:09Z,99.0,Charge 5
2024-06-08T15:10:14Z,96.0,Charge 5
2024-06-08T15:10:19Z,93.0,Charge 5
2024-06-08T15:10:24Z,90.0,Charge 5
2024-06-08T15:10:29Z,88.0,Charge 5
2024-06-08T15:10:39Z,89.0,Charge 5
2024-06-08T15:10:54Z,89.0,Charge 5
2024-06-08T15:10:59Z,89.0,Charge 5
2024-06-08T15:11:14Z,89.0,Charge 5
2024-06-08T15:11:19Z,91.0,Charge 5
2024-06-08T15:11:34Z,90.0,Charge 5
2024-06-08T15:11:39Z,89.0,Charge 5
2024-06-08T15:11:44Z,87.0,Charge 5
2024-06-08T15:11:49Z,86.0,Charge 5
2024-06-08T15:11:54Z,85.0,Charge 5
2024-06-08T15:12:09Z,86.0,Charge 5
2024-06-08T15:12:24Z,88.0,Charge 5
2024-06-08T15:12:39Z,88.0,Charge 5
2024-06-08T15:12:44Z,89.0,Charge 5
2024-06-08T15:12:49Z,92.0,Charge 5
2024-06-08T15:12:54Z,93.0,Charge 5
2024-06-08T15:12:59Z,93.0,Charge 5
2024-06-08T15:13:09Z,90.0,Charge 5
2024-06-08T15:13:14Z,87.0,Charge 5
2024-06-08T15:13:24Z,87.0,Charge 5
2024-06-08T15:13:29Z,87.0,Charge 5
2024-06-08T15:13:39Z,87.0,Charge 5
2024-06-08T15:13:44Z,87.0,Charge 5
2024-06-08T15:13:49Z,86.0,Charge 5
2024-06-08T15:14:04Z,86.0,Charge 5
2024-06-08T15:14:09Z,87.0,Charge 5
2024-06-08T15:14:14Z,86.0,Charge 5
2024-06-08T15:14:19Z,87.0,Charge 5
2024-06-08T15:14:24Z,89.0,Charge 5
2024-06-08T15:14:29Z,89.0,Charge 5
2024-06-08T15:14:44Z,89.0,Charge 5
2024-06-08T15:14:49Z,83.0,Charge 5
2024-06-08T15:14:54Z,81.0,Charge 5
2024-06-08T15:14:59Z,83.0,Charge 5
2024-06-08T15:15:04Z,84.0,Charge 5
2024-06-08T15:15:09Z,84.0,Charge 5
2024-06-08T15:15:24Z,84.0,Charge 5
2024-06-08T15:15:39Z,84.0,Charge 5
2024-06-08T15:15:44Z,84.0,Charge 5
2024-06-08T15:15:49Z,82.0,Charge 5
2024-06-08T15:15:54Z,83.0,Charge 5
2024-06-08T15:15:59Z,84.0,Charge 5
2024-06-08T15:16:09Z,85.0,Charge 5
2024-06-08T15:16:24Z,85.0,Charge 5
2024-06-08T15:16:39Z,85.0,Charge 5
2024-06-08T15:16:44Z,86.0,Charge 5
2024-06-08T15:16:59Z,86.0,Charge 5
2024-06-08T15:17:09Z,87.0,Charge 5
2024-06-08T15:17:24Z,86.0,Charge 5
2024-06-08T15:17:34Z,87.0,Charge 5
2024-06-08T15:17:39Z,87.0,Charge 5
2024-06-08T15:17:54Z,86.0,Charge 5
2024-06-08T15:17:59Z,86.0,Charge 5
2024-06-08T15:18:04Z,87.0,Charge 5
2024-06-08T15:18:09Z,87.0,Charge 5
2024-06-08T15:18:19Z,88.0,Charge 5
2024-06-08T15:18:24Z,88.0,Charge 5
2024-06-08T15:18:34Z,87.0,Charge 5
2024-06-08T15:18:39Z,86.0,Charge 5
2024-06-08T15:18:44Z,86.0,Charge 5
2024-06-08T15:18:54Z,87.0,Charge 5
2024-06-08T15:19:09Z,87.0,Charge 5
2024-06-08T15:19:14Z,86.0,Charge 5
2024-06-08T15:19:24Z,87.0,Charge 5
2024-06-08T15:19:34Z,85.0,Charge 5
2024-06-08T15:19:39Z,83.0,Charge 5
2024-06-08T15:19:49Z,84.0,Charge 5
2024-06-08T15:19:59Z,83.0,Charge 5
2024-06-08T15:20:04Z,84.0,Charge 5
2024-06-08T15:20:19Z,85.0,Charge 5
2024-06-08T15:20:34Z,85.0,Charge 5
2024-06-08T15:20:49Z,86.0,Charge 5
2024-06-08T15:20:54Z,85.0,Charge 5
2024-06-08T15:21:09Z,85.0,Charge 5
2024-06-08T15:21:19Z,86.0,Charge 5
2024-06-08T15:21:24Z,85.0,Charge 5
2024-06-08T15:21:29Z,86.0,Charge 5
2024-06-08T15:21:39Z,86.0,Charge 5
2024-06-08T15:21:54Z,86.0,Charge 5
2024-06-08T15:22:04Z,85.0,Charge 5
2024-06-08T15:22:09Z,85.0,Charge 5
2024-06-08T15:22:19Z,84.0,Charge 5
2024-06-08T15:22:29Z,85.0,Charge 5
2024-06-08T15:22:34Z,86.0,Charge 5
2024-06-08T15:22:39Z,87.0,Charge 5
2024-06-08T15:22:44Z,88.0,Charge 5
2024-06-08T15:22:49Z,89.0,Charge 5
2024-06-08T15:23:04Z,89.0,Charge 5
2024-06-08T15:23:14Z,89.0,Charge 5
2024-06-08T15:23:19Z,89.0,Charge 5
2024-06-08T15:23:24Z,87.0,Charge 5
2024-06-08T15:23:39Z,86.0,Charge 5
2024-06-08T15:23:49Z,87.0,Charge 5
2024-06-08T15:23:59Z,88.0,Charge 5
2024-06-08T15:24:09Z,89.0,Charge 5
2024-06-08T15:24:14Z,87.0,Charge 5
2024-06-08T15:24:19Z,86.0,Charge 5
2024-06-08T15:24:34Z,86.0,Charge 5
2024-06-08T15:24:49Z,86.0,Charge 5
2024-06-08T15:24:59Z,87.0,Charge 5
2024-06-08T15:25:04Z,87.0,Charge 5
2024-06-08T15:25:19Z,87.0,Charge 5
2024-06-08T15:25:34Z,87.0,Charge 5
2024-06-08T15:25:49Z,87.0,Charge 5
2024-06-08T15:25:54Z,88.0,Charge 5
2024-06-08T15:26:09Z,88.0,Charge 5
2024-06-08T15:26:19Z,89.0,Charge 5
2024-06-08T15:26:24Z,88.0,Charge 5
2024-06-08T15:26:39Z,88.0,Charge 5
2024-06-08T15:26:49Z,92.0,Charge 5
2024-06-08T15:26:54Z,94.0,Charge 5
2024-06-08T15:27:04Z,96.0,Charge 5
2024-06-08T15:27:09Z,93.0,Charge 5
2024-06-08T15:27:14Z,91.0,Charge 5
2024-06-08T15:27:19Z,89.0,Charge 5
2024-06-08T15:27:24Z,88.0,Charge 5
2024-06-08T15:27:39Z,88.0,Charge 5
2024-06-08T15:27:54Z,87.0,Charge 5
2024-06-08T15:27:59Z,87.0,Charge 5
2024-06-08T15:28:14Z,87.0,Charge 5
2024-06-08T15:28:19Z,88.0,Charge 5
2024-06-08T15:28:34Z,88.0,Charge 5
2024-06-08T15:28:39Z,86.0,Charge 5
2024-06-08T15:28:49Z,87.0,Charge 5
2024-06-08T15:28:54Z,87.0,Charge 5
2024-06-08T15:28:59Z,88.0,Charge 5
2024-06-08T15:29:04Z,89.0,Charge 5
2024-06-08T15:29:14Z,91.0,Charge 5
2024-06-08T15:29:19Z,92.0,Charge 5
2024-06-08T15:29:24Z,95.0,Charge 5
2024-06-08T15:29:34Z,91.0,Charge 5
2024-06-08T15:29:39Z,90.0,Charge 5
2024-06-08T15:29:49Z,89.0,Charge 5
2024-06-08T15:30:04Z,89.0,Charge 5
2024-06-08T15:30:19Z,89.0,Charge 5
2024-06-08T15:30:24Z,88.0,Charge 5
2024-06-08T15:30:34Z,88.0,Charge 5
2024-06-08T15:30:39Z,87.0,Charge 5
2024-06-08T15:30:44Z,86.0,Charge 5
2024-06-08T15:30:59Z,86.0,Charge 5
2024-06-08T15:31:04Z,87.0,Charge 5
2024-06-08T15:31:14Z,89.0,Charge 5
2024-06-08T15:31:18Z,89.0,Charge 5
2024-06-08T15:31:33Z,89.0,Charge 5
2024-06-08T15:31:48Z,88.0,Charge 5
2024-06-08T15:32:03Z,88.0,Charge 5
2024-06-08T15:32:08Z,87.0,Charge 5
2024-06-08T15:32:13Z,85.0,Charge 5
2024-06-08T15:32:28Z,85.0,Charge 5
2024-06-08T15:32:38Z,86.0,Charge 5
2024-06-08T15:32:43Z,85.0,Charge 5
2024-06-08T15:32:48Z,85.0,Charge 5
2024-06-08T15:32:53Z,85.0,Charge 5
2024-06-08T15:32:58Z,86.0,Charge 5
2024-06-08T15:33:08Z,87.0,Charge 5
2024-06-08T15:33:23Z,88.0,Charge 5
2024-06-08T15:33:33Z,88.0,Charge 5
2024-06-08T15:33:38Z,87.0,Charge 5
2024-06-08T15:33:48Z,87.0,Charge 5
2024-06-08T15:33:53Z,89.0,Charge 5
2024-06-08T15:33:58Z,93.0,Charge 5
2024-06-08T15:34:03Z,91.0,Charge 5
2024-06-08T15:34:13Z,90.0,Charge 5
2024-06-08T15:34:18Z,89.0,Charge 5
2024-06-08T15:34:23Z,92.0,Charge 5
2024-06-08T15:34:28Z,94.0,Charge 5
2024-06-08T15:34:33Z,95.0,Charge 5
2024-06-08T15:34:38Z,96.0,Charge 5
2024-06-08T15:34:53Z,96.0,Charge 5
2024-06-08T15:34:58Z,97.0,Charge 5
2024-06-08T15:35:08Z,98.0,Charge 5
2024-06-08T15:35:13Z,102.0,Charge 5
2024-06-08T15:35:23Z,99.0,Charge 5
2024-06-08T15:35:28Z,98.0,Charge 5
2024-06-08T15:35:38Z,99.0,Charge 5
2024-06-08T15:35:48Z,98.0,Charge 5
2024-06-08T15:36:03Z,98.0,Charge 5
2024-06-08T15:36:13Z,98.0,Charge 5
2024-06-08T15:36:28Z,98.0,Charge 5
2024-06-08T15:36:38Z,100.0,Charge 5
2024-06-08T15:36:43Z,102.0,Charge 5
2024-06-08T15:36:48Z,103.0,Charge 5
2024-06-08T15:37:03Z,103.0,Charge 5
2024-06-08T15:37:13Z,104.0,Charge 5
2024-06-08T15:37:28Z,104.0,Charge 5
2024-06-08T15:37:33Z,103.0,Charge 5
2024-06-08T15:37:38Z,102.0,Charge 5
2024-06-08T15:37:48Z,103.0,Charge 5
2024-06-08T15:37:53Z,105.0,Charge 5
2024-06-08T15:38:08Z,105.0,Charge 5
2024-06-08T15:38:13Z,104.0,Charge 5
2024-06-08T15:38:18Z,102.0,Charge 5
2024-06-08T15:38:23Z,101.0,Charge 5
2024-06-08T15:38:28Z,100.0,Charge 5
2024-06-08T15:38:38Z,101.0,Charge 5
2024-06-08T15:38:43Z,100.0,Charge 5
2024-06-08T15:38:48Z,100.0,Charge 5
2024-06-08T15:38:58Z,102.0,Charge 5
2024-06-08T15:39:03Z,106.0,Charge 5
2024-06-08T15:39:08Z,105.0,Charge 5
2024-06-08T15:39:13Z,99.0,Charge 5
2024-06-08T15:39:18Z,98.0,Charge 5
2024-06-08T15:39:23Z,99.0,Charge 5
2024-06-08T15:39:28Z,101.0,Charge 5
2024-06-08T15:39:33Z,105.0,Charge 5
2024-06-08T15:39:38Z,96.0,Charge 5
2024-06-08T15:39:43Z,97.0,Charge 5
2024-06-08T15:39:48Z,100.0,Charge 5
2024-06-08T15:39:53Z,100.0,Charge 5
2024-06-08T15:40:03Z,100.0,Charge 5
2024-06-08T15:40:08Z,101.0,Charge 5
2024-06-08T15:40:13Z,102.0,Charge 5
2024-06-08T15:40:23Z,103.0,Charge 5
2024-06-08T15:40:28Z,104.0,Charge 5
2024-06-08T15:40:33Z,99.0,Charge 5
2024-06-08T15:40:38Z,97.0,Charge 5
2024-06-08T15:40:43Z,99.0,Charge 5
2024-06-08T15:40:53Z,98.0,Charge 5
2024-06-08T15:40:58Z,99.0,Charge 5
2024-06-08T15:41:08Z,100.0,Charge 5
2024-06-08T15:41:13Z,99.0,Charge 5
2024-06-08T15:41:18Z,100.0,Charge 5
2024-06-08T15:41:23Z,100.0,Charge 5
2024-06-08T15:41:28Z,101.0,Charge 5
2024-06-08T15:41:43Z,99.0,Charge 5
2024-06-08T15:41:48Z,96.0,Charge 5
2024-06-08T15:41:58Z,99.0,Charge 5
2024-06-08T15:42:03Z,101.0,Charge 5
2024-06-08T15:42:08Z,100.0,Charge 5
2024-06-08T15:42:13Z,99.0,Charge 5
2024-06-08T15:42:18Z,100.0,Charge 5
2024-06-08T15:42:23Z,98.0,Charge 5
2024-06-08T15:42:28Z,101.0,Charge 5
2024-06-08T15:42:33Z,100.0,Charge 5
2024-06-08T15:42:38Z,99.0,Charge 5
2024-06-08T15:42:43Z,97.0,Charge 5
2024-06-08T15:42:48Z,100.0,Charge 5
2024-06-08T15:43:03Z,101.0,Charge 5
2024-06-08T15:43:13Z,102.0,Charge 5
2024-06-08T15:43:18Z,103.0,Charge 5
2024-06-08T15:43:28Z,105.0,Charge 5
2024-06-08T15:43:33Z,106.0,Charge 5
2024-06-08T15:43:38Z,108.0,Charge 5
2024-06-08T15:43:43Z,107.0,Charge 5
2024-06-08T15:43:48Z,105.0,Charge 5
2024-06-08T15:43:53Z,103.0,Charge 5
2024-06-08T15:43:58Z,102.0,Charge 5
2024-06-08T15:44:03Z,101.0,Charge 5
2024-06-08T15:44:08Z,100.0,Charge 5
2024-06-08T15:44:13Z,100.0,Charge 5
2024-06-08T15:44:18Z,100.0,Charge 5
2024-06-08T15:44:28Z,99.0,Charge 5
2024-06-08T15:45:04Z,70.0,Charge 5
2024-06-08T15:45:19Z,98.0,Charge 5
2024-06-08T15:45:24Z,132.0,Charge 5
2024-06-08T15:45:29Z,109.0,Charge 5
2024-06-08T15:45:34Z,97.0,Charge 5
2024-06-08T15:45:44Z,97.0,Charge 5
2024-06-08T15:45:49Z,96.0,Charge 5
2024-06-08T15:45:54Z,97.0,Charge 5
2024-06-08T15:45:59Z,96.0,Charge 5
2024-06-08T15:46:09Z,97.0,Charge 5
2024-06-08T15:46:14Z,95.0,Charge 5
2024-06-08T15:46:19Z,93.0,Charge 5
2024-06-08T15:46:25Z,93.0,Charge 5
2024-06-08T15:46:30Z,92.0,Charge 5
2024-06-08T15:46:35Z,90.0,Charge 5
2024-06-08T15:46:40Z,91.0,Charge 5
2024-06-08T15:46:45Z,92.0,Charge 5
2024-06-08T15:47:00Z,94.0,Charge 5
2024-06-08T15:47:05Z,95.0,Charge 5
2024-06-08T15:47:20Z,94.0,Charge 5
2024-06-08T15:47:25Z,93.0,Charge 5
2024-06-08T15:47:40Z,94.0,Charge 5
2024-06-08T15:47:45Z,95.0,Charge 5
2024-06-08T15:47:51Z,95.0,Charge 5
2024-06-08T15:47:56Z,97.0,Charge 5
2024-06-08T15:48:01Z,94.0,Charge 5
2024-06-08T15:48:06Z,93.0,Charge 5
2024-06-08T15:48:11Z,94.0,Charge 5
2024-06-08T15:48:21Z,93.0,Charge 5
2024-06-08T15:48:26Z,93.0,Charge 5
2024-06-08T15:48:31Z,93.0,Charge 5
2024-06-08T15:48:36Z,94.0,Charge 5
2024-06-08T15:48:41Z,93.0,Charge 5
2024-06-08T15:48:46Z,93.0,Charge 5
2024-06-08T15:48:51Z,92.0,Charge 5
2024-06-08T15:49:01Z,93.0,Charge 5
2024-06-08T15:49:06Z,92.0,Charge 5
2024-06-08T15:49:21Z,93.0,Charge 5
2024-06-08T15:49:26Z,94.0,Charge 5
2024-06-08T15:49:31Z,92.0,Charge 5
2024-06-08T15:49:36Z,91.0,Charge 5
2024-06-08T15:49:46Z,90.0,Charge 5
2024-06-08T15:49:56Z,90.0,Charge 5
2024-06-08T15:50:01Z,89.0,Charge 5
2024-06-08T15:50:16Z,88.0,Charge 5
2024-06-08T15:50:26Z,88.0,Charge 5
2024-06-08T15:50:31Z,89.0,Charge 5
2024-06-08T15:50:36Z,89.0,Charge 5
2024-06-08T15:50:41Z,88.0,Charge 5
2024-06-08T15:50:46Z,88.0,Charge 5
2024-06-08T15:50:51Z,87.0,Charge 5
2024-06-08T15:51:01Z,87.0,Charge 5
2024-06-08T15:51:11Z,87.0,Charge 5
2024-06-08T15:51:16Z,88.0,Charge 5
2024-06-08T15:51:21Z,87.0,Charge 5
2024-06-08T15:51:26Z,88.0,Charge 5
2024-06-08T15:51:36Z,89.0,Charge 5
2024-06-08T15:51:41Z,89.0,Charge 5
2024-06-08T15:51:51Z,88.0,Charge 5
2024-06-08T15:51:56Z,88.0,Charge 5
2024-06-08T15:52:06Z,87.0,Charge 5
2024-06-08T15:52:11Z,86.0,Charge 5
2024-06-08T15:52:16Z,88.0,Charge 5
2024-06-08T15:52:26Z,91.0,Charge 5
2024-06-08T15:52:36Z,89.0,Charge 5
2024-06-08T15:52:46Z,88.0,Charge 5
2024-06-08T15:53:01Z,88.0,Charge 5
2024-06-08T15:53:11Z,90.0,Charge 5
2024-06-08T15:53:16Z,89.0,Charge 5
2024-06-08T15:53:31Z,89.0,Charge 5
2024-06-08T15:53:46Z,89.0,Charge 5
2024-06-08T15:54:01Z,91.0,Charge 5
2024-06-08T15:54:06Z,90.0,Charge 5
2024-06-08T15:54:11Z,88.0,Charge 5
2024-06-08T15:54:21Z,87.0,Charge 5
2024-06-08T15:54:31Z,86.0,Charge 5
2024-06-08T15:54:46Z,87.0,Charge 5
2024-06-08T15:54:51Z,89.0,Charge 5
2024-06-08T15:54:56Z,90.0,Charge 5
2024-06-08T15:55:11Z,88.0,Charge 5
2024-06-08T15:55:16Z,92.0,Charge 5
2024-06-08T15:55:21Z,93.0,Charge 5
2024-06-08T15:55:26Z,94.0,Charge 5
2024-06-08T15:55:31Z,95.0,Charge 5
2024-06-08T15:55:36Z,93.0,Charge 5
2024-06-08T15:55:51Z,93.0,Charge 5
2024-06-08T15:56:01Z,93.0,Charge 5
2024-06-08T15:56:06Z,91.0,Charge 5
2024-06-08T15:56:11Z,90.0,Charge 5
2024-06-08T15:56:16Z,91.0,Charge 5
2024-06-08T15:56:21Z,91.0,Charge 5
2024-06-08T15:56:31Z,90.0,Charge 5
2024-06-08T15:56:46Z,91.0,Charge 5
2024-06-08T15:56:56Z,91.0,Charge 5
2024-06-08T15:57:01Z,91.0,Charge 5
2024-06-08T15:57:11Z,92.0,Charge 5
2024-06-08T15:57:16Z,93.0,Charge 5
2024-06-08T15:57:21Z,92.0,Charge 5
2024-06-08T15:57:26Z,90.0,Charge 5
2024-06-08T15:57:31Z,90.0,Charge 5
2024-06-08T15:57:41Z,90.0,Charge 5
2024-06-08T15:57:56Z,90.0,Charge 5
2024-06-08T15:58:06Z,91.0,Charge 5
2024-06-08T15:58:11Z,92.0,Charge 5
2024-06-08T15:58:16Z,93.0,Charge 5
2024-06-08T15:58:26Z,92.0,Charge 5
2024-06-08T15:58:31Z,89.0,Charge 5
2024-06-08T15:58:41Z,88.0,Charge 5
2024-06-08T15:58:56Z,88.0,Charge 5
2024-06-08T15:59:06Z,89.0,Charge 5
2024-06-08T15:59:11Z,90.0,Charge 5
2024-06-08T15:59:16Z,92.0,Charge 5
2024-06-08T15:59:21Z,96.0,Charge 5
2024-06-08T15:59:26Z,94.0,Charge 5
2024-06-08T15:59:31Z,92.0,Charge 5
2024-06-08T15:59:36Z,93.0,Charge 5
2024-06-08T15:59:41Z,94.0,Charge 5
2024-06-08T15:59:46Z,95.0,Charge 5
2024-06-08T15:59:51Z,96.0,Charge 5
2024-06-08T16:00:06Z,95.0,Charge 5
2024-06-08T16:00:11Z,93.0,Charge 5
2024-06-08T16:00:16Z,92.0,Charge 5
2024-06-08T16:00:31Z,92.0,Charge 5
2024-06-08T16:00:46Z,93.0,Charge 5
2024-06-08T16:00:56Z,92.0,Charge 5
2024-06-08T16:01:11Z,92.0,Charge 5
2024-06-08T16:01:29Z,93.0,Charge 5
2024-06-08T16:01:44Z,94.0,Charge 5
2024-06-08T16:01:49Z,95.0,Charge 5
2024-06-08T16:02:04Z,95.0,Charge 5
2024-06-08T16:02:19Z,94.0,Charge 5
2024-06-08T16:02:34Z,95.0,Charge 5
2024-06-08T16:02:44Z,94.0,Charge 5
2024-06-08T16:02:59Z,93.0,Charge 5
2024-06-08T16:03:14Z,92.0,Charge 5
2024-06-08T16:03:29Z,92.0,Charge 5
2024-06-08T16:03:39Z,91.0,Charge 5
2024-06-08T16:03:44Z,90.0,Charge 5
2024-06-08T16:03:54Z,89.0,Charge 5
2024-06-08T16:04:09Z,89.0,Charge 5
2024-06-08T16:04:24Z,89.0,Charge 5
2024-06-08T16:04:34Z,91.0,Charge 5
2024-06-08T16:04:39Z,92.0,Charge 5
2024-06-08T16:04:44Z,93.0,Charge 5
2024-06-08T16:04:49Z,94.0,Charge 5
2024-06-08T16:04:54Z,95.0,Charge 5
2024-06-08T16:04:59Z,97.0,Charge 5
2024-06-08T16:05:09Z,98.0,Charge 5
2024-06-08T16:05:24Z,99.0,Charge 5
2024-06-08T16:05:29Z,100.0,Charge 5
2024-06-08T16:05:44Z,100.0,Charge 5
2024-06-08T16:05:54Z,97.0,Charge 5
2024-06-08T16:05:59Z,96.0,Charge 5
2024-06-08T16:06:04Z,98.0,Charge 5
2024-06-08T16:06:09Z,100.0,Charge 5
2024-06-08T16:06:19Z,104.0,Charge 5
2024-06-08T16:06:24Z,103.0,Charge 5
2024-06-08T16:06:29Z,102.0,Charge 5
2024-06-08T16:06:39Z,103.0,Charge 5
2024-06-08T16:06:49Z,102.0,Charge 5
2024-06-08T16:06:54Z,99.0,Charge 5
2024-06-08T16:06:59Z,98.0,Charge 5
2024-06-08T16:07:04Z,96.0,Charge 5
2024-06-08T16:07:09Z,94.0,Charge 5
2024-06-08T16:07:14Z,100.0,Charge 5
2024-06-08T16:07:24Z,98.0,Charge 5
2024-06-08T16:07:34Z,95.0,Charge 5
2024-06-08T16:07:39Z,93.0,Charge 5
2024-06-08T16:07:44Z,96.0,Charge 5
2024-06-08T16:07:59Z,98.0,Charge 5
2024-06-08T16:08:09Z,100.0,Charge 5
2024-06-08T16:08:14Z,105.0,Charge 5
2024-06-08T16:08:19Z,104.0,Charge 5
2024-06-08T16:08:24Z,100.0,Charge 5
2024-06-08T16:08:29Z,97.0,Charge 5
2024-06-08T16:08:34Z,93.0,Charge 5
2024-06-08T16:08:39Z,93.0,Charge 5
2024-06-08T16:08:49Z,91.0,Charge 5
2024-06-08T16:09:04Z,92.0,Charge 5
2024-06-08T16:09:09Z,91.0,Charge 5
2024-06-08T16:09:14Z,90.0,Charge 5
2024-06-08T16:09:19Z,90.0,Charge 5
2024-06-08T16:09:24Z,90.0,Charge 5
2024-06-08T16:09:39Z,90.0,Charge 5
2024-06-08T16:09:44Z,95.0,Charge 5
2024-06-08T16:09:49Z,96.0,Charge 5
2024-06-08T16:09:54Z,94.0,Charge 5
2024-06-08T16:09:59Z,92.0,Charge 5
2024-06-08T16:10:04Z,92.0,Charge 5
2024-06-08T16:10:09Z,92.0,Charge 5
2024-06-08T16:10:14Z,92.0,Charge 5
2024-06-08T16:10:19Z,91.0,Charge 5
2024-06-08T16:10:24Z,93.0,Charge 5
2024-06-08T16:10:29Z,94.0,Charge 5
2024-06-08T16:10:34Z,93.0,Charge 5
2024-06-08T16:10:39Z,92.0,Charge 5
2024-06-08T16:10:44Z,91.0,Charge 5
2024-06-08T16:10:49Z,90.0,Charge 5
2024-06-08T16:10:54Z,91.0,Charge 5
2024-06-08T16:10:59Z,90.0,Charge 5
2024-06-08T16:11:04Z,89.0,Charge 5
2024-06-08T16:11:09Z,89.0,Charge 5
2024-06-08T16:11:24Z,89.0,Charge 5
2024-06-08T16:11:39Z,92.0,Charge 5
2024-06-08T16:11:44Z,93.0,Charge 5
2024-06-08T16:11:49Z,92.0,Charge 5
2024-06-08T16:11:54Z,91.0,Charge 5
2024-06-08T16:11:59Z,90.0,Charge 5
2024-06-08T16:12:04Z,90.0,Charge 5
2024-06-08T16:12:14Z,90.0,Charge 5
2024-06-08T16:12:19Z,91.0,Charge 5
2024-06-08T16:12:29Z,93.0,Charge 5
2024-06-08T16:12:34Z,92.0,Charge 5
2024-06-08T16:12:39Z,91.0,Charge 5
2024-06-08T16:12:44Z,90.0,Charge 5
2024-06-08T16:12:49Z,89.0,Charge 5
2024-06-08T16:13:04Z,88.0,Charge 5
2024-06-08T16:13:09Z,87.0,Charge 5
2024-06-08T16:13:19Z,87.0,Charge 5
2024-06-08T16:13:29Z,89.0,Charge 5
2024-06-08T16:13:44Z,88.0,Charge 5
2024-06-08T16:13:49Z,87.0,Charge 5
2024-06-08T16:13:54Z,85.0,Charge 5
2024-06-08T16:14:04Z,86.0,Charge 5
2024-06-08T16:14:09Z,84.0,Charge 5
2024-06-08T16:14:14Z,84.0,Charge 5
2024-06-08T16:14:19Z,86.0,Charge 5
2024-06-08T16:14:24Z,86.0,Charge 5
2024-06-08T16:14:29Z,85.0,Charge 5
2024-06-08T16:14:34Z,88.0,Charge 5
2024-06-08T16:14:39Z,91.0,Charge 5
2024-06-08T16:14:44Z,93.0,Charge 5
2024-06-08T16:14:49Z,92.0,Charge 5
2024-06-08T16:14:54Z,91.0,Charge 5
2024-06-08T16:14:59Z,91.0,Charge 5
2024-06-08T16:15:04Z,92.0,Charge 5
2024-06-08T16:15:09Z,94.0,Charge 5
2024-06-08T16:15:14Z,93.0,Charge 5
2024-06-08T16:15:19Z,92.0,Charge 5
2024-06-08T16:15:29Z,91.0,Charge 5
2024-06-08T16:15:34Z,92.0,Charge 5
2024-06-08T16:15:49Z,95.0,Charge 5
2024-06-08T16:15:54Z,98.0,Charge 5
2024-06-08T16:15:59Z,94.0,Charge 5
2024-06-08T16:16:04Z,92.0,Charge 5
2024-06-08T16:16:09Z,91.0,Charge 5
2024-06-08T16:16:19Z,92.0,Charge 5
2024-06-08T16:16:24Z,93.0,Charge 5
2024-06-08T16:16:35Z,92.0,Charge 5
2024-06-08T16:16:45Z,93.0,Charge 5
2024-06-08T16:16:50Z,95.0,Charge 5
2024-06-08T16:16:55Z,94.0,Charge 5
2024-06-08T16:17:00Z,91.0,Charge 5
2024-06-08T16:17:05Z,90.0,Charge 5
2024-06-08T16:17:10Z,90.0,Charge 5
2024-06-08T16:17:20Z,89.0,Charge 5
2024-06-08T16:17:25Z,88.0,Charge 5
2024-06-08T16:17:30Z,87.0,Charge 5
2024-06-08T16:17:40Z,86.0,Charge 5
2024-06-08T16:17:45Z,87.0,Charge 5
2024-06-08T16:18:00Z,87.0,Charge 5
2024-06-08T16:18:10Z,88.0,Charge 5
2024-06-08T16:18:25Z,88.0,Charge 5
2024-06-08T16:18:40Z,88.0,Charge 5
2024-06-08T16:18:50Z,88.0,Charge 5
2024-06-08T16:19:00Z,87.0,Charge 5
2024-06-08T16:19:05Z,87.0,Charge 5
2024-06-08T16:19:10Z,87.0,Charge 5
2024-06-08T16:19:15Z,87.0,Charge 5
2024-06-08T16:19:20Z,88.0,Charge 5
2024-06-08T16:19:30Z,87.0,Charge 5
2024-06-08T16:19:45Z,87.0,Charge 5
2024-06-08T16:20:00Z,87.0,Charge 5
2024-06-08T16:20:05Z,88.0,Charge 5
2024-06-08T16:20:10Z,88.0,Charge 5
2024-06-08T16:20:15Z,88.0,Charge 5
2024-06-08T16:20:25Z,89.0,Charge 5
2024-06-08T16:20:30Z,89.0,Charge 5
2024-06-08T16:20:35Z,88.0,Charge 5
2024-06-08T16:20:40Z,87.0,Charge 5
2024-06-08T16:20:55Z,87.0,Charge 5
2024-06-08T16:21:10Z,87.0,Charge 5
2024-06-08T16:21:15Z,88.0,Charge 5
2024-06-08T16:21:20Z,87.0,Charge 5
2024-06-08T16:21:30Z,88.0,Charge 5
2024-06-08T16:21:45Z,89.0,Charge 5
2024-06-08T16:21:50Z,86.0,Charge 5
2024-06-08T16:21:55Z,87.0,Charge 5
2024-06-08T16:22:00Z,90.0,Charge 5
2024-06-08T16:22:05Z,96.0,Charge 5
2024-06-08T16:22:15Z,102.0,Charge 5
2024-06-08T16:22:20Z,103.0,Charge 5
2024-06-08T16:22:25Z,102.0,Charge 5
2024-06-08T16:22:30Z,102.0,Charge 5
2024-06-08T16:22:35Z,101.0,Charge 5
2024-06-08T16:22:40Z,99.0,Charge 5
2024-06-08T16:22:45Z,97.0,Charge 5
2024-06-08T16:22:50Z,99.0,Charge 5
2024-06-08T16:23:00Z,98.0,Charge 5
2024-06-08T16:23:10Z,96.0,Charge 5
2024-06-08T16:23:15Z,94.0,Charge 5
2024-06-08T16:23:20Z,95.0,Charge 5
2024-06-08T16:23:25Z,96.0,Charge 5
2024-06-08T16:23:35Z,96.0,Charge 5
2024-06-08T16:23:45Z,95.0,Charge 5
2024-06-08T16:24:00Z,95.0,Charge 5
2024-06-08T16:24:15Z,95.0,Charge 5
2024-06-08T16:24:25Z,96.0,Charge 5
2024-06-08T16:24:40Z,96.0,Charge 5
2024-06-08T16:24:55Z,97.0,Charge 5
2024-06-08T16:25:10Z,97.0,Charge 5
2024-06-08T16:25:25Z,97.0,Charge 5
2024-06-08T16:25:40Z,98.0,Charge 5
2024-06-08T16:25:45Z,99.0,Charge 5
2024-06-08T16:25:50Z,100.0,Charge 5
2024-06-08T16:25:55Z,102.0,Charge 5
2024-06-08T16:26:00Z,106.0,Charge 5
2024-06-08T16:26:05Z,110.0,Charge 5
2024-06-08T16:26:20Z,109.0,Charge 5
2024-06-08T16:26:25Z,107.0,Charge 5
2024-06-08T16:26:30Z,106.0,Charge 5
2024-06-08T16:26:35Z,104.0,Charge 5
2024-06-08T16:26:40Z,101.0,Charge 5
2024-06-08T16:26:45Z,99.0,Charge 5
2024-06-08T16:26:50Z,100.0,Charge 5
2024-06-08T16:26:55Z,105.0,Charge 5
2024-06-08T16:27:00Z,103.0,Charge 5
2024-06-08T16:27:10Z,104.0,Charge 5
2024-06-08T16:27:20Z,101.0,Charge 5
2024-06-08T16:27:25Z,101.0,Charge 5
2024-06-08T16:27:30Z,100.0,Charge 5
2024-06-08T16:27:35Z,99.0,Charge 5
2024-06-08T16:27:40Z,100.0,Charge 5
2024-06-08T16:27:45Z,96.0,Charge 5
2024-06-08T16:27:50Z,95.0,Charge 5
2024-06-08T16:27:55Z,96.0,Charge 5
2024-06-08T16:28:00Z,98.0,Charge 5
2024-06-08T16:28:05Z,100.0,Charge 5
2024-06-08T16:28:10Z,99.0,Charge 5
2024-06-08T16:28:15Z,100.0,Charge 5
2024-06-08T16:28:20Z,98.0,Charge 5
2024-06-08T16:28:25Z,97.0,Charge 5
2024-06-08T16:28:40Z,97.0,Charge 5
2024-06-08T16:28:55Z,97.0,Charge 5
2024-06-08T16:29:05Z,98.0,Charge 5
2024-06-08T16:29:15Z,96.0,Charge 5
2024-06-08T16:29:20Z,92.0,Charge 5
2024-06-08T16:29:30Z,91.0,Charge 5
2024-06-08T16:29:35Z,92.0,Charge 5
2024-06-08T16:29:40Z,94.0,Charge 5
2024-06-08T16:29:45Z,95.0,Charge 5
2024-06-08T16:29:50Z,94.0,Charge 5
2024-06-08T16:30:00Z,93.0,Charge 5
2024-06-08T16:30:15Z,94.0,Charge 5
2024-06-08T16:30:20Z,95.0,Charge 5
2024-06-08T16:30:25Z,97.0,Charge 5
2024-06-08T16:30:30Z,97.0,Charge 5
2024-06-08T16:30:40Z,96.0,Charge 5
2024-06-08T16:30:45Z,95.0,Charge 5
2024-06-08T16:30:50Z,96.0,Charge 5
2024-06-08T16:30:55Z,93.0,Charge 5
2024-06-08T16:31:10Z,93.0,Charge 5
2024-06-08T16:31:25Z,93.0,Charge 5
2024-06-08T16:31:30Z,92.0,Charge 5
2024-06-08T16:31:35Z,92.0,Charge 5
2024-06-08T16:31:39Z,92.0,Charge 5
2024-06-08T16:31:54Z,92.0,Charge 5
2024-06-08T16:31:59Z,91.0,Charge 5
2024-06-08T16:32:14Z,92.0,Charge 5
2024-06-08T16:32:19Z,88.0,Charge 5
2024-06-08T16:32:24Z,89.0,Charge 5
2024-06-08T16:32:39Z,89.0,Charge 5
2024-06-08T16:32:54Z,89.0,Charge 5
2024-06-08T16:32:59Z,90.0,Charge 5
2024-06-08T16:33:14Z,90.0,Charge 5
2024-06-08T16:33:19Z,91.0,Charge 5
2024-06-08T16:33:24Z,91.0,Charge 5
2024-06-08T16:33:29Z,92.0,Charge 5
2024-06-08T16:33:44Z,92.0,Charge 5
2024-06-08T16:33:59Z,92.0,Charge 5
2024-06-08T16:34:14Z,92.0,Charge 5
2024-06-08T16:34:29Z,91.0,Charge 5
2024-06-08T16:34:39Z,92.0,Charge 5
2024-06-08T16:34:49Z,93.0,Charge 5
2024-06-08T16:34:54Z,92.0,Charge 5
2024-06-08T16:35:04Z,93.0,Charge 5
2024-06-08T16:35:09Z,94.0,Charge 5
2024-06-08T16:35:24Z,94.0,Charge 5
2024-06-08T16:35:29Z,96.0,Charge 5
2024-06-08T16:35:34Z,97.0,Charge 5
2024-06-08T16:35:39Z,94.0,Charge 5
2024-06-08T16:35:54Z,94.0,Charge 5
2024-06-08T16:35:59Z,94.0,Charge 5
2024-06-08T16:36:09Z,95.0,Charge 5
2024-06-08T16:36:19Z,96.0,Charge 5
2024-06-08T16:36:24Z,96.0,Charge 5
2024-06-08T16:36:29Z,96.0,Charge 5
2024-06-08T16:36:39Z,96.0,Charge 5
2024-06-08T16:36:54Z,96.0,Charge 5
2024-06-08T16:36:59Z,97.0,Charge 5
2024-06-08T16:37:09Z,98.0,Charge 5
2024-06-08T16:37:24Z,98.0,Charge 5
2024-06-08T16:37:39Z,99.0,Charge 5
2024-06-08T16:37:54Z,99.0,Charge 5
2024-06-08T16:38:09Z,95.0,Charge 5
2024-06-08T16:38:19Z,96.0,Charge 5
2024-06-08T16:38:34Z,96.0,Charge 5
2024-06-08T16:38:39Z,97.0,Charge 5
2024-06-08T16:38:44Z,78.0,Charge 5
2024-06-08T16:38:49Z,79.0,Charge 5
2024-06-08T16:38:54Z,80.0,Charge 5
2024-06-08T16:38:59Z,83.0,Charge 5
2024-06-08T16:39:04Z,86.0,Charge 5
2024-06-08T16:39:09Z,87.0,Charge 5
2024-06-08T16:39:14Z,88.0,Charge 5
2024-06-08T16:39:24Z,90.0,Charge 5
2024-06-08T16:39:29Z,91.0,Charge 5
2024-06-08T16:39:34Z,91.0,Charge 5
2024-06-08T16:39:44Z,92.0,Charge 5
2024-06-08T16:39:49Z,91.0,Charge 5
2024-06-08T16:39:54Z,90.0,Charge 5
2024-06-08T16:39:59Z,89.0,Charge 5
2024-06-08T16:40:04Z,89.0,Charge 5
2024-06-08T16:40:19Z,89.0,Charge 5
2024-06-08T16:40:29Z,89.0,Charge 5
2024-06-08T16:40:34Z,89.0,Charge 5
2024-06-08T16:40:44Z,89.0,Charge 5
2024-06-08T16:40:54Z,88.0,Charge 5
2024-06-08T16:41:04Z,87.0,Charge 5
2024-06-08T16:41:14Z,88.0,Charge 5
2024-06-08T16:41:24Z,87.0,Charge 5
2024-06-08T16:41:29Z,86.0,Charge 5
2024-06-08T16:41:39Z,87.0,Charge 5
2024-06-08T16:41:44Z,86.0,Charge 5
2024-06-08T16:41:49Z,85.0,Charge 5
2024-06-08T16:41:54Z,85.0,Charge 5
2024-06-08T16:41:59Z,85.0,Charge 5
2024-06-08T16:42:04Z,86.0,Charge 5
2024-06-08T16:42:09Z,87.0,Charge 5
2024-06-08T16:42:14Z,88.0,Charge 5
2024-06-08T16:42:29Z,87.0,Charge 5
2024-06-08T16:42:34Z,86.0,Charge 5
2024-06-08T16:42:39Z,86.0,Charge 5
2024-06-08T16:42:44Z,86.0,Charge 5
2024-06-08T16:42:49Z,86.0,Charge 5
2024-06-08T16:42:54Z,87.0,Charge 5
2024-06-08T16:43:04Z,89.0,Charge 5
2024-06-08T16:43:09Z,90.0,Charge 5
2024-06-08T16:43:19Z,91.0,Charge 5
2024-06-08T16:43:24Z,92.0,Charge 5
2024-06-08T16:43:29Z,90.0,Charge 5
2024-06-08T16:43:39Z,89.0,Charge 5
2024-06-08T16:43:44Z,88.0,Charge 5
2024-06-08T16:43:54Z,89.0,Charge 5
2024-06-08T16:43:59Z,88.0,Charge 5
2024-06-08T16:44:04Z,86.0,Charge 5
2024-06-08T16:44:09Z,85.0,Charge 5
2024-06-08T16:44:14Z,86.0,Charge 5
2024-06-08T16:44:19Z,87.0,Charge 5
2024-06-08T16:44:24Z,86.0,Charge 5
2024-06-08T16:44:29Z,82.0,Charge 5
2024-06-08T16:44:34Z,81.0,Charge 5
2024-06-08T16:44:39Z,83.0,Charge 5
2024-06-08T16:44:44Z,85.0,Charge 5
2024-06-08T16:44:49Z,86.0,Charge 5
2024-06-08T16:44:54Z,87.0,Charge 5
2024-06-08T16:44:59Z,86.0,Charge 5
2024-06-08T16:45:09Z,87.0,Charge 5
2024-06-08T16:45:14Z,88.0,Charge 5
2024-06-08T16:45:24Z,87.0,Charge 5
2024-06-08T16:45:29Z,86.0,Charge 5
2024-06-08T16:45:34Z,86.0,Charge 5
2024-06-08T16:45:44Z,85.0,Charge 5
2024-06-08T16:45:54Z,84.0,Charge 5
2024-06-08T16:46:09Z,86.0,Charge 5
2024-06-08T16:46:14Z,87.0,Charge 5
2024-06-08T16:46:29Z,87.0,Charge 5
2024-06-08T16:46:34Z,86.0,Charge 5
2024-06-08T16:46:39Z,87.0,Charge 5
2024-06-08T16:46:45Z,87.0,Charge 5
2024-06-08T16:46:55Z,88.0,Charge 5
2024-06-08T16:47:00Z,87.0,Charge 5
2024-06-08T16:47:10Z,86.0,Charge 5
2024-06-08T16:47:20Z,85.0,Charge 5
2024-06-08T16:47:35Z,85.0,Charge 5
2024-06-08T16:47:40Z,86.0,Charge 5
2024-06-08T16:47:55Z,86.0,Charge 5
2024-06-08T16:48:10Z,86.0,Charge 5
2024-06-08T16:48:25Z,85.0,Charge 5
2024-06-08T16:48:40Z,86.0,Charge 5
2024-06-08T16:48:45Z,87.0,Charge 5
2024-06-08T16:48:50Z,86.0,Charge 5
2024-06-08T16:49:00Z,85.0,Charge 5
2024-06-08T16:49:05Z,85.0,Charge 5
2024-06-08T16:49:10Z,86.0,Charge 5
2024-06-08T16:49:20Z,90.0,Charge 5
2024-06-08T16:49:25Z,94.0,Charge 5
2024-06-08T16:49:30Z,95.0,Charge 5
2024-06-08T16:49:40Z,96.0,Charge 5
2024-06-08T16:49:45Z,95.0,Charge 5
2024-06-08T16:50:00Z,94.0,Charge 5
2024-06-08T16:50:15Z,93.0,Charge 5
2024-06-08T16:50:20Z,92.0,Charge 5
2024-06-08T16:50:25Z,97.0,Charge 5
2024-06-08T16:50:30Z,98.0,Charge 5
2024-06-08T16:50:35Z,95.0,Charge 5
2024-06-08T16:50:40Z,93.0,Charge 5
2024-06-08T16:50:55Z,93.0,Charge 5
2024-06-08T16:51:00Z,93.0,Charge 5
2024-06-08T16:51:10Z,92.0,Charge 5
2024-06-08T16:51:25Z,93.0,Charge 5
2024-06-08T16:51:30Z,95.0,Charge 5
2024-06-08T16:51:45Z,95.0,Charge 5
2024-06-08T16:51:50Z,94.0,Charge 5
2024-06-08T16:51:55Z,94.0,Charge 5
2024-06-08T16:52:00Z,96.0,Charge 5
2024-06-08T16:52:05Z,98.0,Charge 5
2024-06-08T16:52:20Z,98.0,Charge 5
2024-06-08T16:52:30Z,99.0,Charge 5
2024-06-08T16:52:45Z,99.0,Charge 5
2024-06-08T16:53:00Z,99.0,Charge 5
2024-06-08T16:53:05Z,100.0,Charge 5
2024-06-08T16:53:20Z,101.0,Charge 5
2024-06-08T16:53:25Z,102.0,Charge 5
2024-06-08T16:53:30Z,101.0,Charge 5
2024-06-08T16:53:45Z,101.0,Charge 5
2024-06-08T16:53:50Z,103.0,Charge 5
2024-06-08T16:53:55Z,103.0,Charge 5
2024-06-08T16:54:00Z,104.0,Charge 5
2024-06-08T16:54:05Z,103.0,Charge 5
2024-06-08T16:54:15Z,102.0,Charge 5
2024-06-08T16:54:20Z,100.0,Charge 5
2024-06-08T16:54:35Z,100.0,Charge 5
2024-06-08T16:54:40Z,100.0,Charge 5
2024-06-08T16:54:55Z,101.0,Charge 5
2024-06-08T16:55:00Z,102.0,Charge 5
2024-06-08T16:55:05Z,103.0,Charge 5
2024-06-08T16:55:15Z,102.0,Charge 5
2024-06-08T16:55:20Z,101.0,Charge 5
2024-06-08T16:55:25Z,103.0,Charge 5
2024-06-08T16:55:30Z,100.0,Charge 5
2024-06-08T16:55:35Z,98.0,Charge 5
2024-06-08T16:55:50Z,99.0,Charge 5
2024-06-08T16:55:55Z,100.0,Charge 5
2024-06-08T16:56:00Z,99.0,Charge 5
2024-06-08T16:56:05Z,98.0,Charge 5
2024-06-08T16:56:20Z,98.0,Charge 5
2024-06-08T16:56:25Z,99.0,Charge 5
2024-06-08T16:56:30Z,102.0,Charge 5
2024-06-08T16:56:35Z,99.0,Charge 5
2024-06-08T16:56:40Z,98.0,Charge 5
2024-06-08T16:56:55Z,98.0,Charge 5
2024-06-08T16:57:00Z,99.0,Charge 5
2024-06-08T16:57:15Z,95.0,Charge 5
2024-06-08T16:57:30Z,95.0,Charge 5
2024-06-08T16:57:35Z,94.0,Charge 5
2024-06-08T16:57:45Z,95.0,Charge 5
2024-06-08T16:58:00Z,95.0,Charge 5
2024-06-08T16:58:05Z,94.0,Charge 5
2024-06-08T16:58:15Z,94.0,Charge 5
2024-06-08T16:58:20Z,94.0,Charge 5
2024-06-08T16:58:30Z,96.0,Charge 5
2024-06-08T16:58:35Z,97.0,Charge 5
2024-06-08T16:58:40Z,98.0,Charge 5
2024-06-08T16:58:45Z,97.0,Charge 5
2024-06-08T16:58:55Z,96.0,Charge 5
2024-06-08T16:59:10Z,96.0,Charge 5
2024-06-08T16:59:15Z,97.0,Charge 5
2024-06-08T16:59:20Z,94.0,Charge 5
2024-06-08T16:59:25Z,93.0,Charge 5
2024-06-08T16:59:30Z,92.0,Charge 5
2024-06-08T16:59:35Z,90.0,Charge 5
2024-06-08T16:59:40Z,90.0,Charge 5
2024-06-08T16:59:50Z,91.0,Charge 5
2024-06-08T16:59:55Z,92.0,Charge 5
2024-06-08T17:00:10Z,92.0,Charge 5
2024-06-08T17:00:20Z,93.0,Charge 5
2024-06-08T17:00:35Z,93.0,Charge 5
2024-06-08T17:00:50Z,97.0,Charge 5
2024-06-08T17:00:55Z,98.0,Charge 5
2024-06-08T17:01:00Z,98.0,Charge 5
2024-06-08T17:01:05Z,97.0,Charge 5
2024-06-08T17:01:10Z,94.0,Charge 5
2024-06-08T17:01:15Z,92.0,Charge 5
2024-06-08T17:01:20Z,92.0,Charge 5
2024-06-08T17:01:35Z,92.0,Charge 5
2024-06-08T17:01:50Z,92.0,Charge 5
2024-06-08T17:01:55Z,92.0,Charge 5
2024-06-08T17:02:10Z,94.0,Charge 5
2024-06-08T17:02:20Z,92.0,Charge 5
2024-06-08T17:02:25Z,91.0,Charge 5
2024-06-08T17:02:35Z,91.0,Charge 5
2024-06-08T17:02:45Z,92.0,Charge 5
2024-06-08T17:03:00Z,92.0,Charge 5
2024-06-08T17:03:10Z,91.0,Charge 5
2024-06-08T17:03:25Z,91.0,Charge 5
2024-06-08T17:03:40Z,89.0,Charge 5
2024-06-08T17:03:55Z,89.0,Charge 5
2024-06-08T17:04:00Z,91.0,Charge 5
2024-06-08T17:04:05Z,92.0,Charge 5
2024-06-08T17:04:10Z,94.0,Charge 5
2024-06-08T17:04:15Z,95.0,Charge 5
2024-06-08T17:04:20Z,94.0,Charge 5
2024-06-08T17:04:25Z,92.0,Charge 5
2024-06-08T17:04:30Z,92.0,Charge 5
2024-06-08T17:04:49Z,92.0,Charge 5
2024-06-08T17:04:59Z,93.0,Charge 5
2024-06-08T17:05:04Z,95.0,Charge 5
2024-06-08T17:05:19Z,95.0,Charge 5
2024-06-08T17:05:29Z,94.0,Charge 5
2024-06-08T17:05:44Z,94.0,Charge 5
2024-06-08T17:05:49Z,95.0,Charge 5
2024-06-08T17:05:54Z,98.0,Charge 5
2024-06-08T17:05:59Z,100.0,Charge 5
2024-06-08T17:06:09Z,99.0,Charge 5
2024-06-08T17:06:19Z,100.0,Charge 5
2024-06-08T17:06:24Z,99.0,Charge 5
2024-06-08T17:06:29Z,100.0,Charge 5
2024-06-08T17:06:39Z,98.0,Charge 5
2024-06-08T17:06:44Z,95.0,Charge 5
2024-06-08T17:06:49Z,93.0,Charge 5
2024-06-08T17:06:54Z,92.0,Charge 5
2024-06-08T17:07:04Z,93.0,Charge 5
2024-06-08T17:07:14Z,92.0,Charge 5
2024-06-08T17:07:19Z,90.0,Charge 5
2024-06-08T17:07:29Z,88.0,Charge 5
2024-06-08T17:07:34Z,86.0,Charge 5
2024-06-08T17:07:39Z,85.0,Charge 5
2024-06-08T17:07:44Z,85.0,Charge 5
2024-06-08T17:07:49Z,86.0,Charge 5
2024-06-08T17:07:54Z,87.0,Charge 5
2024-06-08T17:07:59Z,88.0,Charge 5
2024-06-08T17:08:04Z,89.0,Charge 5
2024-06-08T17:08:09Z,87.0,Charge 5
2024-06-08T17:08:14Z,85.0,Charge 5
2024-06-08T17:08:19Z,84.0,Charge 5
2024-06-08T17:08:24Z,84.0,Charge 5
2024-06-08T17:08:39Z,84.0,Charge 5
2024-06-08T17:08:44Z,86.0,Charge 5
2024-06-08T17:08:49Z,87.0,Charge 5
2024-06-08T17:08:54Z,89.0,Charge 5
2024-06-08T17:09:04Z,88.0,Charge 5
2024-06-08T17:09:09Z,87.0,Charge 5
2024-06-08T17:09:14Z,86.0,Charge 5
2024-06-08T17:09:19Z,85.0,Charge 5
2024-06-08T17:09:29Z,87.0,Charge 5
2024-06-08T17:09:34Z,88.0,Charge 5
2024-06-08T17:09:39Z,87.0,Charge 5
2024-06-08T17:09:49Z,85.0,Charge 5
2024-06-08T17:09:54Z,84.0,Charge 5
2024-06-08T17:09:59Z,86.0,Charge 5
2024-06-08T17:10:04Z,87.0,Charge 5
2024-06-08T17:10:19Z,86.0,Charge 5
2024-06-08T17:10:24Z,86.0,Charge 5
2024-06-08T17:10:34Z,86.0,Charge 5
2024-06-08T17:10:39Z,85.0,Charge 5
2024-06-08T17:10:49Z,87.0,Charge 5
2024-06-08T17:10:59Z,87.0,Charge 5
2024-06-08T17:11:04Z,86.0,Charge 5
2024-06-08T17:11:09Z,86.0,Charge 5
2024-06-08T17:11:14Z,87.0,Charge 5
2024-06-08T17:11:24Z,86.0,Charge 5
2024-06-08T17:11:29Z,83.0,Charge 5
2024-06-08T17:11:34Z,83.0,Charge 5
2024-06-08T17:11:39Z,85.0,Charge 5
2024-06-08T17:11:44Z,86.0,Charge 5
2024-06-08T17:11:49Z,85.0,Charge 5
2024-06-08T17:11:59Z,86.0,Charge 5
2024-06-08T17:12:04Z,87.0,Charge 5
2024-06-08T17:12:09Z,86.0,Charge 5
2024-06-08T17:12:14Z,85.0,Charge 5
2024-06-08T17:12:19Z,87.0,Charge 5
2024-06-08T17:12:24Z,93.0,Charge 5
2024-06-08T17:12:29Z,95.0,Charge 5
2024-06-08T17:12:44Z,94.0,Charge 5
2024-06-08T17:12:59Z,95.0,Charge 5
2024-06-08T17:13:04Z,97.0,Charge 5
2024-06-08T17:13:14Z,98.0,Charge 5
2024-06-08T17:13:19Z,97.0,Charge 5
2024-06-08T17:13:24Z,94.0,Charge 5
2024-06-08T17:13:29Z,91.0,Charge 5
2024-06-08T17:13:34Z,90.0,Charge 5
2024-06-08T17:13:39Z,89.0,Charge 5
2024-06-08T17:13:44Z,88.0,Charge 5
2024-06-08T17:13:59Z,88.0,Charge 5
2024-06-08T17:14:04Z,88.0,Charge 5
2024-06-08T17:14:09Z,87.0,Charge 5
2024-06-08T17:14:14Z,87.0,Charge 5
2024-06-08T17:14:24Z,89.0,Charge 5
2024-06-08T17:14:29Z,90.0,Charge 5
2024-06-08T17:14:34Z,89.0,Charge 5
2024-06-08T17:14:39Z,88.0,Charge 5
2024-06-08T17:14:44Z,86.0,Charge 5
2024-06-08T17:14:49Z,84.0,Charge 5
2024-06-08T17:14:54Z,85.0,Charge 5
2024-06-08T17:14:59Z,86.0,Charge 5
2024-06-08T17:15:04Z,87.0,Charge 5
2024-06-08T17:15:09Z,86.0,Charge 5
2024-06-08T17:15:14Z,87.0,Charge 5
2024-06-08T17:15:19Z,87.0,Charge 5
2024-06-08T17:15:29Z,86.0,Charge 5
2024-06-08T17:15:39Z,87.0,Charge 5
2024-06-08T17:15:49Z,91.0,Charge 5
2024-06-08T17:15:54Z,96.0,Charge 5
2024-06-08T17:15:59Z,102.0,Charge 5
2024-06-08T17:16:04Z,96.0,Charge 5
2024-06-08T17:16:09Z,88.0,Charge 5
2024-06-08T17:16:14Z,86.0,Charge 5
2024-06-08T17:16:19Z,83.0,Charge 5
2024-06-08T17:16:24Z,83.0,Charge 5
2024-06-08T17:16:34Z,85.0,Charge 5
2024-06-08T17:16:39Z,86.0,Charge 5
2024-06-08T17:16:54Z,85.0,Charge 5
2024-06-08T17:16:59Z,84.0,Charge 5
2024-06-08T17:17:14Z,84.0,Charge 5
2024-06-08T17:17:19Z,83.0,Charge 5
2024-06-08T17:17:24Z,82.0,Charge 5
2024-06-08T17:17:29Z,81.0,Charge 5
2024-06-08T17:17:34Z,80.0,Charge 5
2024-06-08T17:17:39Z,82.0,Charge 5
2024-06-08T17:17:44Z,83.0,Charge 5
2024-06-08T17:17:49Z,85.0,Charge 5
2024-06-08T17:18:04Z,85.0,Charge 5
2024-06-08T17:18:09Z,85.0,Charge 5
2024-06-08T17:18:14Z,86.0,Charge 5
2024-06-08T17:18:24Z,85.0,Charge 5
2024-06-08T17:18:34Z,86.0,Charge 5
2024-06-08T17:18:39Z,87.0,Charge 5
2024-06-08T17:18:54Z,87.0,Charge 5
2024-06-08T17:19:04Z,86.0,Charge 5
2024-06-08T17:19:19Z,86.0,Charge 5
2024-06-08T17:19:29Z,86.0,Charge 5
2024-06-08T17:19:39Z,84.0,Charge 5
2024-06-08T17:19:44Z,83.0,Charge 5
2024-06-08T17:19:49Z,84.0,Charge 5
2024-06-08T17:20:00Z,85.0,Charge 5
2024-06-08T17:20:05Z,85.0,Charge 5
2024-06-08T17:20:10Z,86.0,Charge 5
2024-06-08T17:20:15Z,88.0,Charge 5
2024-06-08T17:20:20Z,86.0,Charge 5
2024-06-08T17:20:25Z,84.0,Charge 5
2024-06-08T17:20:30Z,85.0,Charge 5
2024-06-08T17:20:35Z,86.0,Charge 5
2024-06-08T17:20:40Z,87.0,Charge 5
2024-06-08T17:20:45Z,88.0,Charge 5
2024-06-08T17:20:50Z,89.0,Charge 5
2024-06-08T17:20:55Z,90.0,Charge 5
2024-06-08T17:21:00Z,91.0,Charge 5
2024-06-08T17:21:05Z,93.0,Charge 5
2024-06-08T17:21:10Z,94.0,Charge 5
2024-06-08T17:21:15Z,98.0,Charge 5
2024-06-08T17:21:20Z,100.0,Charge 5
2024-06-08T17:21:25Z,101.0,Charge 5
2024-06-08T17:21:30Z,107.0,Charge 5
2024-06-08T17:21:35Z,107.0,Charge 5
2024-06-08T17:21:45Z,104.0,Charge 5
2024-06-08T17:21:50Z,105.0,Charge 5
2024-06-08T17:21:55Z,110.0,Charge 5
2024-06-08T17:22:00Z,108.0,Charge 5
2024-06-08T17:22:05Z,103.0,Charge 5
2024-06-08T17:22:15Z,105.0,Charge 5
2024-06-08T17:22:20Z,107.0,Charge 5
2024-06-08T17:22:25Z,107.0,Charge 5
2024-06-08T17:22:30Z,106.0,Charge 5
2024-06-08T17:22:40Z,110.0,Charge 5
2024-06-08T17:22:45Z,112.0,Charge 5
2024-06-08T17:22:50Z,111.0,Charge 5
2024-06-08T17:22:55Z,110.0,Charge 5
2024-06-08T17:23:00Z,108.0,Charge 5
2024-06-08T17:23:05Z,99.0,Charge 5
2024-06-08T17:23:15Z,101.0,Charge 5
2024-06-08T17:23:30Z,97.0,Charge 5
2024-06-08T17:23:35Z,90.0,Charge 5
2024-06-08T17:23:40Z,89.0,Charge 5
2024-06-08T17:23:45Z,92.0,Charge 5
2024-06-08T17:23:50Z,93.0,Charge 5
2024-06-08T17:23:55Z,88.0,Charge 5
2024-06-08T17:24:00Z,85.0,Charge 5
2024-06-08T17:24:05Z,83.0,Charge 5
2024-06-08T17:24:10Z,83.0,Charge 5
2024-06-08T17:24:20Z,83.0,Charge 5
2024-06-08T17:24:25Z,84.0,Charge 5
2024-06-08T17:24:30Z,85.0,Charge 5
2024-06-08T17:24:35Z,86.0,Charge 5
2024-06-08T17:24:40Z,90.0,Charge 5
2024-06-08T17:24:45Z,88.0,Charge 5
2024-06-08T17:24:55Z,87.0,Charge 5
2024-06-08T17:25:05Z,88.0,Charge 5
2024-06-08T17:25:10Z,90.0,Charge 5
2024-06-08T17:25:15Z,93.0,Charge 5
2024-06-08T17:25:20Z,88.0,Charge 5
2024-06-08T17:25:35Z,88.0,Charge 5
2024-06-08T17:25:45Z,89.0,Charge 5
2024-06-08T17:25:50Z,88.0,Charge 5
2024-06-08T17:25:55Z,84.0,Charge 5
2024-06-08T17:26:05Z,85.0,Charge 5
2024-06-08T17:26:10Z,86.0,Charge 5
2024-06-08T17:26:15Z,87.0,Charge 5
2024-06-08T17:26:20Z,88.0,Charge 5
2024-06-08T17:26:25Z,89.0,Charge 5
2024-06-08T17:26:35Z,90.0,Charge 5
2024-06-08T17:26:40Z,91.0,Charge 5
2024-06-08T17:26:45Z,93.0,Charge 5
2024-06-08T17:26:50Z,91.0,Charge 5
2024-06-08T17:26:55Z,89.0,Charge 5
2024-06-08T17:27:05Z,90.0,Charge 5
2024-06-08T17:27:10Z,91.0,Charge 5
2024-06-08T17:27:20Z,92.0,Charge 5
2024-06-08T17:27:25Z,92.0,Charge 5
2024-06-08T17:27:40Z,95.0,Charge 5
2024-06-08T17:27:45Z,103.0,Charge 5
2024-06-08T17:27:50Z,102.0,Charge 5
2024-06-08T17:27:55Z,99.0,Charge 5
2024-06-08T17:28:00Z,98.0,Charge 5
2024-06-08T17:28:05Z,97.0,Charge 5
2024-06-08T17:28:10Z,96.0,Charge 5
2024-06-08T17:28:20Z,95.0,Charge 5
2024-06-08T17:28:25Z,94.0,Charge 5
2024-06-08T17:28:30Z,92.0,Charge 5
2024-06-08T17:28:35Z,91.0,Charge 5
2024-06-08T17:28:45Z,90.0,Charge 5
2024-06-08T17:28:50Z,89.0,Charge 5
2024-06-08T17:29:05Z,89.0,Charge 5
2024-06-08T17:29:10Z,88.0,Charge 5
2024-06-08T17:29:20Z,89.0,Charge 5
2024-06-08T17:29:25Z,85.0,Charge 5
2024-06-08T17:29:30Z,83.0,Charge 5
2024-06-08T17:29:35Z,90.0,Charge 5
2024-06-08T17:29:40Z,94.0,Charge 5
2024-06-08T17:29:45Z,93.0,Charge 5
2024-06-08T17:29:50Z,88.0,Charge 5
2024-06-08T17:29:55Z,87.0,Charge 5
2024-06-08T17:30:05Z,88.0,Charge 5
2024-06-08T17:30:10Z,89.0,Charge 5
2024-06-08T17:30:15Z,89.0,Charge 5
2024-06-08T17:30:25Z,87.0,Charge 5
2024-06-08T17:30:30Z,86.0,Charge 5
2024-06-08T17:30:35Z,88.0,Charge 5
2024-06-08T17:30:40Z,86.0,Charge 5
2024-06-08T17:30:45Z,86.0,Charge 5
2024-06-08T17:30:50Z,88.0,Charge 5
2024-06-08T17:30:55Z,89.0,Charge 5
2024-06-08T17:31:05Z,88.0,Charge 5
2024-06-08T17:31:15Z,86.0,Charge 5
2024-06-08T17:31:20Z,84.0,Charge 5
2024-06-08T17:31:25Z,86.0,Charge 5
2024-06-08T17:31:30Z,86.0,Charge 5
2024-06-08T17:31:40Z,87.0,Charge 5
2024-06-08T17:31:45Z,85.0,Charge 5
2024-06-08T17:31:55Z,85.0,Charge 5
2024-06-08T17:32:00Z,83.0,Charge 5
2024-06-08T17:32:10Z,87.0,Charge 5
2024-06-08T17:32:15Z,92.0,Charge 5
2024-06-08T17:32:25Z,91.0,Charge 5
2024-06-08T17:32:30Z,91.0,Charge 5
2024-06-08T17:32:35Z,91.0,Charge 5
2024-06-08T17:32:45Z,92.0,Charge 5
2024-06-08T17:32:50Z,93.0,Charge 5
2024-06-08T17:32:55Z,94.0,Charge 5
2024-06-08T17:33:00Z,95.0,Charge 5
2024-06-08T17:33:05Z,94.0,Charge 5
2024-06-08T17:33:20Z,93.0,Charge 5
2024-06-08T17:33:25Z,92.0,Charge 5
2024-06-08T17:33:30Z,93.0,Charge 5
2024-06-08T17:33:40Z,94.0,Charge 5
2024-06-08T17:33:50Z,93.0,Charge 5
2024-06-08T17:34:00Z,94.0,Charge 5
2024-06-08T17:34:05Z,93.0,Charge 5
2024-06-08T17:34:10Z,93.0,Charge 5
2024-06-08T17:34:15Z,95.0,Charge 5
2024-06-08T17:34:20Z,94.0,Charge 5
2024-06-08T17:34:35Z,95.0,Charge 5
2024-06-08T17:34:40Z,97.0,Charge 5
2024-06-08T17:34:45Z,98.0,Charge 5
2024-06-08T17:34:50Z,97.0,Charge 5
2024-06-08T17:34:55Z,96.0,Charge 5
2024-06-08T17:35:00Z,95.0,Charge 5
2024-06-08T17:35:05Z,95.0,Charge 5
2024-06-08T17:35:15Z,96.0,Charge 5
2024-06-08T17:35:25Z,95.0,Charge 5
2024-06-08T17:35:30Z,93.0,Charge 5
2024-06-08T17:35:35Z,88.0,Charge 5
2024-06-08T17:35:40Z,89.0,Charge 5
2024-06-08T17:35:45Z,90.0,Charge 5
2024-06-08T17:35:55Z,91.0,Charge 5
2024-06-08T17:36:10Z,95.0,Charge 5
2024-06-08T17:36:15Z,96.0,Charge 5
2024-06-08T17:36:30Z,96.0,Charge 5
2024-06-08T17:36:45Z,96.0,Charge 5
2024-06-08T17:36:55Z,95.0,Charge 5
2024-06-08T17:37:00Z,94.0,Charge 5
2024-06-08T17:37:05Z,98.0,Charge 5
2024-06-08T17:37:10Z,99.0,Charge 5
2024-06-08T17:37:15Z,96.0,Charge 5
2024-06-08T17:37:20Z,95.0,Charge 5
2024-06-08T17:37:25Z,95.0,Charge 5
2024-06-08T17:37:30Z,96.0,Charge 5
2024-06-08T17:37:40Z,97.0,Charge 5
2024-06-08T17:37:45Z,98.0,Charge 5
2024-06-08T17:37:50Z,97.0,Charge 5
2024-06-08T17:38:05Z,97.0,Charge 5
2024-06-08T17:38:10Z,99.0,Charge 5
2024-06-08T17:38:25Z,99.0,Charge 5
2024-06-08T17:38:40Z,98.0,Charge 5
2024-06-08T17:38:45Z,99.0,Charge 5
2024-06-08T17:38:50Z,100.0,Charge 5
2024-06-08T17:39:05Z,100.0,Charge 5
2024-06-08T17:39:10Z,96.0,Charge 5
2024-06-08T17:39:15Z,95.0,Charge 5
2024-06-08T17:39:20Z,93.0,Charge 5
2024-06-08T17:39:25Z,94.0,Charge 5
2024-06-08T17:39:30Z,95.0,Charge 5
2024-06-08T17:39:35Z,96.0,Charge 5
2024-06-08T17:39:45Z,97.0,Charge 5
2024-06-08T17:40:00Z,96.0,Charge 5
2024-06-08T17:40:10Z,98.0,Charge 5
2024-06-08T17:40:20Z,97.0,Charge 5
2024-06-08T17:40:30Z,94.0,Charge 5
2024-06-08T17:40:40Z,93.0,Charge 5
2024-06-08T17:40:45Z,94.0,Charge 5
2024-06-08T17:40:55Z,96.0,Charge 5
2024-06-08T17:41:00Z,95.0,Charge 5
2024-06-08T17:41:05Z,94.0,Charge 5
2024-06-08T17:41:20Z,95.0,Charge 5
2024-06-08T17:41:35Z,95.0,Charge 5
2024-06-08T17:41:40Z,96.0,Charge 5
2024-06-08T17:41:55Z,96.0,Charge 5
2024-06-08T17:42:05Z,95.0,Charge 5
2024-06-08T17:42:10Z,96.0,Charge 5
2024-06-08T17:42:25Z,96.0,Charge 5
2024-06-08T17:42:30Z,94.0,Charge 5
2024-06-08T17:42:40Z,94.0,Charge 5
2024-06-08T17:42:45Z,93.0,Charge 5
2024-06-08T17:42:50Z,94.0,Charge 5
2024-06-08T17:43:05Z,94.0,Charge 5
2024-06-08T17:43:10Z,96.0,Charge 5
2024-06-08T17:43:15Z,97.0,Charge 5
2024-06-08T17:43:25Z,96.0,Charge 5
2024-06-08T17:43:30Z,97.0,Charge 5
2024-06-08T17:43:40Z,96.0,Charge 5
2024-06-08T17:43:45Z,97.0,Charge 5
2024-06-08T17:43:50Z,95.0,Charge 5
2024-06-08T17:43:55Z,98.0,Charge 5
2024-06-08T17:44:00Z,99.0,Charge 5
2024-06-08T17:44:10Z,97.0,Charge 5
2024-06-08T17:44:15Z,98.0,Charge 5
2024-06-08T17:44:20Z,102.0,Charge 5
2024-06-08T17:44:30Z,104.0,Charge 5
2024-06-08T17:44:35Z,105.0,Charge 5
2024-06-08T17:44:40Z,102.0,Charge 5
2024-06-08T17:44:45Z,95.0,Charge 5
2024-06-08T17:44:50Z,94.0,Charge 5
2024-06-08T17:45:00Z,93.0,Charge 5
2024-06-08T17:45:05Z,95.0,Charge 5
2024-06-08T17:45:10Z,96.0,Charge 5
2024-06-08T17:45:20Z,95.0,Charge 5
2024-06-08T17:45:25Z,94.0,Charge 5
2024-06-08T17:45:40Z,94.0,Charge 5
2024-06-08T17:45:55Z,94.0,Charge 5
2024-06-08T17:46:00Z,93.0,Charge 5
2024-06-08T17:46:05Z,93.0,Charge 5
2024-06-08T17:46:10Z,94.0,Charge 5
2024-06-08T17:46:25Z,95.0,Charge 5
2024-06-08T17:46:30Z,96.0,Charge 5
2024-06-08T17:46:35Z,98.0,Charge 5
2024-06-08T17:46:40Z,101.0,Charge 5
2024-06-08T17:46:55Z,103.0,Charge 5
2024-06-08T17:47:10Z,103.0,Charge 5
2024-06-08T17:47:15Z,102.0,Charge 5
2024-06-08T17:47:20Z,100.0,Charge 5
2024-06-08T17:47:25Z,99.0,Charge 5
2024-06-08T17:47:30Z,98.0,Charge 5
2024-06-08T17:47:35Z,97.0,Charge 5
2024-06-08T17:47:40Z,96.0,Charge 5
2024-06-08T17:47:45Z,97.0,Charge 5
2024-06-08T17:47:50Z,98.0,Charge 5
2024-06-08T17:47:55Z,98.0,Charge 5
2024-06-08T17:48:00Z,97.0,Charge 5
2024-06-08T17:48:10Z,96.0,Charge 5
2024-06-08T17:48:15Z,95.0,Charge 5
2024-06-08T17:48:20Z,94.0,Charge 5
2024-06-08T17:48:35Z,95.0,Charge 5
2024-06-08T17:48:45Z,96.0,Charge 5
2024-06-08T17:48:55Z,97.0,Charge 5
2024-06-08T17:49:00Z,96.0,Charge 5
2024-06-08T17:49:05Z,95.0,Charge 5
2024-06-08T17:49:15Z,94.0,Charge 5
2024-06-08T17:49:20Z,91.0,Charge 5
2024-06-08T17:49:25Z,93.0,Charge 5
2024-06-08T17:49:30Z,95.0,Charge 5
2024-06-08T17:49:45Z,94.0,Charge 5
2024-06-08T17:50:00Z,95.0,Charge 5
2024-06-08T17:50:05Z,97.0,Charge 5
2024-06-08T17:50:10Z,98.0,Charge 5
2024-06-08T17:50:15Z,97.0,Charge 5
2024-06-08T17:50:30Z,96.0,Charge 5
2024-06-08T17:50:35Z,94.0,Charge 5
2024-06-08T17:50:40Z,96.0,Charge 5
2024-06-08T17:50:50Z,97.0,Charge 5
2024-06-08T17:51:05Z,95.0,Charge 5
2024-06-08T17:51:20Z,95.0,Charge 5
2024-06-08T17:51:35Z,97.0,Charge 5
2024-06-08T17:51:40Z,98.0,Charge 5
2024-06-08T17:51:45Z,100.0,Charge 5
2024-06-08T17:51:50Z,102.0,Charge 5
2024-06-08T17:51:55Z,103.0,Charge 5
2024-06-08T17:52:05Z,101.0,Charge 5
2024-06-08T17:52:10Z,100.0,Charge 5
2024-06-08T17:52:15Z,99.0,Charge 5
2024-06-08T17:52:20Z,100.0,Charge 5
2024-06-08T17:52:25Z,101.0,Charge 5
2024-06-08T17:52:35Z,99.0,Charge 5
2024-06-08T17:52:40Z,98.0,Charge 5
2024-06-08T17:52:45Z,97.0,Charge 5
2024-06-08T17:52:50Z,96.0,Charge 5
2024-06-08T17:52:55Z,95.0,Charge 5
2024-06-08T17:53:00Z,96.0,Charge 5
2024-06-08T17:53:05Z,98.0,Charge 5
2024-06-08T17:53:15Z,101.0,Charge 5
2024-06-08T17:53:20Z,102.0,Charge 5
2024-06-08T17:53:25Z,103.0,Charge 5
2024-06-08T17:53:30Z,101.0,Charge 5
2024-06-08T17:53:35Z,94.0,Charge 5
2024-06-08T17:53:40Z,91.0,Charge 5
2024-06-08T17:53:45Z,92.0,Charge 5
2024-06-08T17:53:50Z,97.0,Charge 5
2024-06-08T17:53:55Z,103.0,Charge 5
2024-06-08T17:54:00Z,100.0,Charge 5
2024-06-08T17:54:05Z,101.0,Charge 5
2024-06-08T17:54:10Z,100.0,Charge 5
2024-06-08T17:54:15Z,98.0,Charge 5
2024-06-08T17:54:20Z,99.0,Charge 5
2024-06-08T17:54:25Z,100.0,Charge 5
2024-06-08T17:54:35Z,99.0,Charge 5
2024-06-08T17:54:40Z,97.0,Charge 5
2024-06-08T17:54:45Z,95.0,Charge 5
2024-06-08T17:54:55Z,94.0,Charge 5
2024-06-08T17:55:00Z,95.0,Charge 5
2024-06-08T17:55:10Z,96.0,Charge 5
2024-06-08T17:55:15Z,97.0,Charge 5
2024-06-08T17:55:25Z,98.0,Charge 5
2024-06-08T17:55:40Z,99.0,Charge 5
2024-06-08T17:55:45Z,98.0,Charge 5
2024-06-08T17:55:50Z,96.0,Charge 5
2024-06-08T17:55:55Z,95.0,Charge 5
2024-06-08T17:56:00Z,94.0,Charge 5
2024-06-08T17:56:10Z,95.0,Charge 5
2024-06-08T17:56:15Z,93.0,Charge 5
2024-06-08T17:56:20Z,92.0,Charge 5
2024-06-08T17:56:25Z,94.0,Charge 5
2024-06-08T17:56:30Z,96.0,Charge 5
2024-06-08T17:56:45Z,96.0,Charge 5
2024-06-08T17:56:55Z,97.0,Charge 5
2024-06-08T17:57:00Z,101.0,Charge 5
2024-06-08T17:57:05Z,106.0,Charge 5
2024-06-08T17:57:10Z,105.0,Charge 5
2024-06-08T17:57:15Z,103.0,Charge 5
2024-06-08T17:57:20Z,100.0,Charge 5
2024-06-08T17:57:25Z,97.0,Charge 5
2024-06-08T17:57:30Z,96.0,Charge 5
2024-06-08T17:57:45Z,96.0,Charge 5
2024-06-08T17:57:50Z,96.0,Charge 5
2024-06-08T17:57:55Z,95.0,Charge 5
2024-06-08T17:58:00Z,96.0,Charge 5
2024-06-08T17:58:15Z,96.0,Charge 5
2024-06-08T17:58:20Z,95.0,Charge 5
2024-06-08T17:58:35Z,95.0,Charge 5
2024-06-08T17:58:45Z,96.0,Charge 5
2024-06-08T17:58:50Z,95.0,Charge 5
2024-06-08T17:58:55Z,96.0,Charge 5
2024-06-08T17:59:05Z,95.0,Charge 5
2024-06-08T17:59:10Z,96.0,Charge 5
2024-06-08T17:59:15Z,101.0,Charge 5
2024-06-08T17:59:25Z,100.0,Charge 5
2024-06-08T17:59:35Z,101.0,Charge 5
2024-06-08T17:59:40Z,102.0,Charge 5
2024-06-08T17:59:55Z,101.0,Charge 5
2024-06-08T18:00:00Z,102.0,Charge 5
2024-06-08T18:00:10Z,100.0,Charge 5
2024-06-08T18:00:15Z,101.0,Charge 5
2024-06-08T18:00:20Z,103.0,Charge 5
2024-06-08T18:00:25Z,102.0,Charge 5
2024-06-08T18:00:35Z,100.0,Charge 5
2024-06-08T18:00:45Z,98.0,Charge 5
2024-06-08T18:00:50Z,98.0,Charge 5
2024-06-08T18:00:55Z,100.0,Charge 5
2024-06-08T18:01:05Z,99.0,Charge 5
2024-06-08T18:01:10Z,94.0,Charge 5
2024-06-08T18:01:15Z,97.0,Charge 5
2024-06-08T18:01:20Z,99.0,Charge 5
2024-06-08T18:01:30Z,100.0,Charge 5
2024-06-08T18:01:35Z,101.0,Charge 5
2024-06-08T18:01:45Z,98.0,Charge 5
2024-06-08T18:01:50Z,97.0,Charge 5
2024-06-08T18:01:55Z,99.0,Charge 5
2024-06-08T18:02:05Z,100.0,Charge 5
2024-06-08T18:02:10Z,105.0,Charge 5
2024-06-08T18:02:20Z,104.0,Charge 5
2024-06-08T18:02:30Z,103.0,Charge 5
2024-06-08T18:02:35Z,104.0,Charge 5
2024-06-08T18:02:40Z,102.0,Charge 5
2024-06-08T18:02:45Z,100.0,Charge 5
2024-06-08T18:02:50Z,99.0,Charge 5
2024-06-08T18:02:55Z,101.0,Charge 5
2024-06-08T18:03:00Z,103.0,Charge 5
2024-06-08T18:03:05Z,105.0,Charge 5
2024-06-08T18:03:15Z,104.0,Charge 5
2024-06-08T18:03:20Z,101.0,Charge 5
2024-06-08T18:03:25Z,99.0,Charge 5
2024-06-08T18:03:30Z,96.0,Charge 5
2024-06-08T18:03:35Z,98.0,Charge 5
2024-06-08T18:03:40Z,102.0,Charge 5
2024-06-08T18:03:45Z,103.0,Charge 5
2024-06-08T18:03:50Z,100.0,Charge 5
2024-06-08T18:03:55Z,101.0,Charge 5
2024-06-08T18:04:10Z,97.0,Charge 5
2024-06-08T18:04:15Z,94.0,Charge 5
2024-06-08T18:04:20Z,100.0,Charge 5
2024-06-08T18:04:25Z,103.0,Charge 5
2024-06-08T18:04:30Z,105.0,Charge 5
2024-06-08T18:04:35Z,103.0,Charge 5
2024-06-08T18:04:45Z,100.0,Charge 5
2024-06-08T18:04:50Z,98.0,Charge 5
2024-06-08T18:05:00Z,96.0,Charge 5
2024-06-08T18:05:05Z,97.0,Charge 5
2024-06-08T18:05:10Z,94.0,Charge 5
2024-06-08T18:05:15Z,93.0,Charge 5
2024-06-08T18:05:25Z,92.0,Charge 5
2024-06-08T18:05:30Z,93.0,Charge 5
2024-06-08T18:05:40Z,92.0,Charge 5
2024-06-08T18:05:45Z,93.0,Charge 5
2024-06-08T18:05:50Z,94.0,Charge 5
2024-06-08T18:05:55Z,98.0,Charge 5
2024-06-08T18:06:00Z,96.0,Charge 5
2024-06-08T18:06:05Z,95.0,Charge 5
2024-06-08T18:06:10Z,94.0,Charge 5
2024-06-08T18:06:25Z,93.0,Charge 5
2024-06-08T18:06:40Z,93.0,Charge 5
2024-06-08T18:06:45Z,93.0,Charge 5
2024-06-08T18:06:50Z,92.0,Charge 5
2024-06-08T18:06:55Z,93.0,Charge 5
2024-06-08T18:07:00Z,95.0,Charge 5
2024-06-08T18:07:05Z,96.0,Charge 5
2024-06-08T18:07:10Z,95.0,Charge 5
2024-06-08T18:07:15Z,94.0,Charge 5
2024-06-08T18:07:20Z,93.0,Charge 5
2024-06-08T18:07:30Z,90.0,Charge 5
2024-06-08T18:07:35Z,89.0,Charge 5
2024-06-08T18:07:40Z,90.0,Charge 5
2024-06-08T18:07:45Z,91.0,Charge 5
2024-06-08T18:07:55Z,93.0,Charge 5
2024-06-08T18:08:00Z,96.0,Charge 5
2024-06-08T18:08:05Z,99.0,Charge 5
2024-06-08T18:08:10Z,96.0,Charge 5
2024-06-08T18:08:15Z,97.0,Charge 5
2024-06-08T18:08:20Z,98.0,Charge 5
2024-06-08T18:08:25Z,96.0,Charge 5
2024-06-08T18:08:30Z,95.0,Charge 5
2024-06-08T18:08:35Z,94.0,Charge 5
2024-06-08T18:08:45Z,93.0,Charge 5
2024-06-08T18:08:50Z,91.0,Charge 5
2024-06-08T18:09:05Z,91.0,Charge 5
2024-06-08T18:09:10Z,92.0,Charge 5
2024-06-08T18:09:15Z,91.0,Charge 5
2024-06-08T18:09:20Z,92.0,Charge 5
2024-06-08T18:09:25Z,92.0,Charge 5
2024-06-08T18:09:35Z,93.0,Charge 5
2024-06-08T18:09:45Z,94.0,Charge 5
2024-06-08T18:09:50Z,95.0,Charge 5
2024-06-08T18:09:55Z,97.0,Charge 5
2024-06-08T18:10:00Z,98.0,Charge 5
2024-06-08T18:10:10Z,97.0,Charge 5
2024-06-08T18:10:20Z,98.0,Charge 5
2024-06-08T18:10:30Z,99.0,Charge 5
2024-06-08T18:10:40Z,98.0,Charge 5
2024-06-08T18:10:50Z,100.0,Charge 5
2024-06-08T18:11:00Z,98.0,Charge 5
2024-06-08T18:11:05Z,96.0,Charge 5
2024-06-08T18:11:10Z,100.0,Charge 5
2024-06-08T18:11:15Z,101.0,Charge 5
2024-06-08T18:11:20Z,100.0,Charge 5
2024-06-08T18:11:30Z,98.0,Charge 5
2024-06-08T18:11:35Z,99.0,Charge 5
2024-06-08T18:11:40Z,97.0,Charge 5
2024-06-08T18:11:50Z,99.0,Charge 5
2024-06-08T18:12:00Z,102.0,Charge 5
2024-06-08T18:12:10Z,99.0,Charge 5
2024-06-08T18:12:15Z,96.0,Charge 5
2024-06-08T18:12:20Z,95.0,Charge 5
2024-06-08T18:12:25Z,96.0,Charge 5
2024-06-08T18:12:30Z,97.0,Charge 5
2024-06-08T18:12:35Z,99.0,Charge 5
2024-06-08T18:12:40Z,100.0,Charge 5
2024-06-08T18:12:45Z,101.0,Charge 5
2024-06-08T18:12:50Z,102.0,Charge 5
2024-06-08T18:12:55Z,101.0,Charge 5
2024-06-08T18:13:00Z,99.0,Charge 5
2024-06-08T18:13:10Z,101.0,Charge 5
2024-06-08T18:13:15Z,98.0,Charge 5
2024-06-08T18:13:20Z,93.0,Charge 5
2024-06-08T18:13:25Z,92.0,Charge 5
2024-06-08T18:13:30Z,94.0,Charge 5
2024-06-08T18:13:40Z,93.0,Charge 5
2024-06-08T18:13:45Z,92.0,Charge 5
2024-06-08T18:13:50Z,89.0,Charge 5
2024-06-08T18:13:55Z,88.0,Charge 5
2024-06-08T18:14:00Z,89.0,Charge 5
2024-06-08T18:14:05Z,90.0,Charge 5
2024-06-08T18:14:20Z,89.0,Charge 5
2024-06-08T18:14:30Z,92.0,Charge 5
2024-06-08T18:14:35Z,93.0,Charge 5
2024-06-08T18:14:40Z,94.0,Charge 5
2024-06-08T18:14:45Z,96.0,Charge 5
2024-06-08T18:14:50Z,97.0,Charge 5
2024-06-08T18:14:55Z,98.0,Charge 5
2024-06-08T18:15:00Z,99.0,Charge 5
2024-06-08T18:15:05Z,97.0,Charge 5
2024-06-08T18:15:10Z,95.0,Charge 5
2024-06-08T18:15:15Z,96.0,Charge 5
2024-06-08T18:15:20Z,97.0,Charge 5
2024-06-08T18:15:25Z,98.0,Charge 5
2024-06-08T18:15:30Z,99.0,Charge 5
2024-06-08T18:15:35Z,98.0,Charge 5
2024-06-08T18:15:45Z,100.0,Charge 5
2024-06-08T18:15:50Z,99.0,Charge 5
2024-06-08T18:15:55Z,103.0,Charge 5
2024-06-08T18:16:00Z,106.0,Charge 5
2024-06-08T18:16:05Z,105.0,Charge 5
2024-06-08T18:16:10Z,103.0,Charge 5
2024-06-08T18:16:15Z,100.0,Charge 5
2024-06-08T18:16:20Z,99.0,Charge 5
2024-06-08T18:16:30Z,103.0,Charge 5
2024-06-08T18:16:35Z,102.0,Charge 5
2024-06-08T18:16:40Z,101.0,Charge 5
2024-06-08T18:16:45Z,100.0,Charge 5
2024-06-08T18:16:50Z,98.0,Charge 5
2024-06-08T18:16:55Z,99.0,Charge 5
2024-06-08T18:17:05Z,97.0,Charge 5
2024-06-08T18:17:10Z,96.0,Charge 5
2024-06-08T18:17:15Z,95.0,Charge 5
2024-06-08T18:17:20Z,94.0,Charge 5
2024-06-08T18:17:25Z,92.0,Charge 5
2024-06-08T18:17:30Z,91.0,Charge 5
2024-06-08T18:17:35Z,93.0,Charge 5
2024-06-08T18:17:40Z,94.0,Charge 5
2024-06-08T18:17:45Z,95.0,Charge 5
2024-06-08T18:17:50Z,99.0,Charge 5
2024-06-08T18:17:55Z,101.0,Charge 5
2024-06-08T18:18:05Z,102.0,Charge 5
2024-06-08T18:18:10Z,101.0,Charge 5
2024-06-08T18:18:15Z,100.0,Charge 5
2024-06-08T18:18:25Z,98.0,Charge 5
2024-06-08T18:18:35Z,99.0,Charge 5
2024-06-08T18:18:45Z,96.0,Charge 5
2024-06-08T18:18:50Z,95.0,Charge 5
2024-06-08T18:18:55Z,96.0,Charge 5
2024-06-08T18:19:00Z,97.0,Charge 5
2024-06-08T18:19:05Z,95.0,Charge 5
2024-06-08T18:19:10Z,94.0,Charge 5
2024-06-08T18:19:15Z,93.0,Charge 5
2024-06-08T18:19:30Z,92.0,Charge 5
2024-06-08T18:19:40Z,91.0,Charge 5
2024-06-08T18:19:45Z,90.0,Charge 5
2024-06-08T18:19:50Z,89.0,Charge 5
2024-06-08T18:20:05Z,88.0,Charge 5
2024-06-08T18:20:10Z,87.0,Charge 5
2024-06-08T18:20:25Z,89.0,Charge 5
2024-06-08T18:20:30Z,92.0,Charge 5
2024-06-08T18:20:40Z,91.0,Charge 5
2024-06-08T18:20:45Z,89.0,Charge 5
2024-06-08T18:21:00Z,88.0,Charge 5
2024-06-08T18:21:05Z,89.0,Charge 5
2024-06-08T18:21:10Z,89.0,Charge 5
2024-06-08T18:21:15Z,90.0,Charge 5
2024-06-08T18:21:30Z,90.0,Charge 5
2024-06-08T18:21:40Z,91.0,Charge 5
2024-06-08T18:21:55Z,91.0,Charge 5
2024-06-08T18:22:05Z,92.0,Charge 5
2024-06-08T18:22:20Z,93.0,Charge 5
2024-06-08T18:22:35Z,93.0,Charge 5
2024-06-08T18:22:40Z,91.0,Charge 5
2024-06-08T18:22:55Z,90.0,Charge 5
2024-06-08T18:23:10Z,90.0,Charge 5
2024-06-08T18:23:15Z,91.0,Charge 5
2024-06-08T18:23:30Z,91.0,Charge 5
2024-06-08T18:23:35Z,90.0,Charge 5
2024-06-08T18:23:40Z,90.0,Charge 5
2024-06-08T18:23:45Z,91.0,Charge 5
2024-06-08T18:23:59Z,91.0,Charge 5
2024-06-08T18:24:14Z,90.0,Charge 5
2024-06-08T18:24:29Z,91.0,Charge 5
2024-06-08T18:24:34Z,91.0,Charge 5
2024-06-08T18:24:39Z,90.0,Charge 5
2024-06-08T18:24:54Z,88.0,Charge 5
2024-06-08T18:25:04Z,87.0,Charge 5
2024-06-08T18:25:09Z,86.0,Charge 5
2024-06-08T18:25:19Z,87.0,Charge 5
2024-06-08T18:25:29Z,89.0,Charge 5
2024-06-08T18:25:44Z,89.0,Charge 5
2024-06-08T18:25:59Z,89.0,Charge 5
2024-06-08T18:26:14Z,89.0,Charge 5
2024-06-08T18:26:19Z,89.0,Charge 5
2024-06-08T18:26:34Z,89.0,Charge 5
2024-06-08T18:26:49Z,89.0,Charge 5
2024-06-08T18:26:59Z,90.0,Charge 5
2024-06-08T18:27:14Z,90.0,Charge 5
2024-06-08T18:27:19Z,91.0,Charge 5
2024-06-08T18:27:24Z,90.0,Charge 5
2024-06-08T18:27:29Z,89.0,Charge 5
2024-06-08T18:27:44Z,89.0,Charge 5
2024-06-08T18:27:59Z,89.0,Charge 5
2024-06-08T18:28:14Z,89.0,Charge 5
2024-06-08T18:28:24Z,90.0,Charge 5
2024-06-08T18:28:39Z,89.0,Charge 5
2024-06-08T18:28:54Z,89.0,Charge 5
2024-06-08T18:28:59Z,89.0,Charge 5
2024-06-08T18:29:14Z,89.0,Charge 5
2024-06-08T18:29:19Z,89.0,Charge 5
2024-06-08T18:29:34Z,88.0,Charge 5
2024-06-08T18:29:39Z,88.0,Charge 5
2024-06-08T18:29:49Z,89.0,Charge 5
2024-06-08T18:29:54Z,88.0,Charge 5
2024-06-08T18:30:09Z,89.0,Charge 5
2024-06-08T18:30:24Z,89.0,Charge 5
2024-06-08T18:30:29Z,89.0,Charge 5
2024-06-08T18:30:44Z,89.0,Charge 5
2024-06-08T18:30:59Z,89.0,Charge 5
2024-06-08T18:31:14Z,89.0,Charge 5
2024-06-08T18:31:29Z,92.0,Charge 5
2024-06-08T18:31:34Z,96.0,Charge 5
2024-06-08T18:31:39Z,95.0,Charge 5
2024-06-08T18:31:44Z,93.0,Charge 5
2024-06-08T18:31:59Z,93.0,Charge 5
2024-06-08T18:32:14Z,93.0,Charge 5
2024-06-08T18:32:24Z,92.0,Charge 5
2024-06-08T18:32:39Z,91.0,Charge 5
2024-06-08T18:32:44Z,90.0,Charge 5
2024-06-08T18:32:59Z,90.0,Charge 5
2024-06-08T18:33:04Z,89.0,Charge 5
2024-06-08T18:33:19Z,89.0,Charge 5
2024-06-08T18:33:34Z,89.0,Charge 5
2024-06-08T18:33:49Z,89.0,Charge 5
2024-06-08T18:33:54Z,89.0,Charge 5
2024-06-08T18:34:09Z,89.0,Charge 5
2024-06-08T18:34:14Z,89.0,Charge 5
2024-06-08T18:34:29Z,89.0,Charge 5
2024-06-08T18:34:44Z,89.0,Charge 5
2024-06-08T18:34:49Z,90.0,Charge 5
2024-06-08T18:35:04Z,90.0,Charge 5
2024-06-08T18:35:19Z,90.0,Charge 5
2024-06-08T18:35:34Z,89.0,Charge 5
2024-06-08T18:35:49Z,89.0,Charge 5
2024-06-08T18:36:04Z,89.0,Charge 5
2024-06-08T18:36:19Z,89.0,Charge 5
2024-06-08T18:36:24Z,90.0,Charge 5
2024-06-08T18:36:34Z,90.0,Charge 5
2024-06-08T18:36:39Z,90.0,Charge 5
2024-06-08T18:36:54Z,89.0,Charge 5
2024-06-08T18:37:04Z,90.0,Charge 5
2024-06-08T18:37:14Z,89.0,Charge 5
2024-06-08T18:37:29Z,89.0,Charge 5
2024-06-08T18:37:39Z,88.0,Charge 5
2024-06-08T18:37:54Z,88.0,Charge 5
2024-06-08T18:38:09Z,89.0,Charge 5
2024-06-08T18:38:24Z,89.0,Charge 5
2024-06-08T18:38:34Z,88.0,Charge 5
2024-06-08T18:38:49Z,88.0,Charge 5
2024-06-08T18:38:59Z,89.0,Charge 5
2024-06-08T18:39:05Z,89.0,Charge 5
2024-06-08T18:39:20Z,88.0,Charge 5
2024-06-08T18:39:30Z,87.0,Charge 5
2024-06-08T18:39:40Z,86.0,Charge 5
2024-06-08T18:39:45Z,87.0,Charge 5
2024-06-08T18:39:50Z,86.0,Charge 5
2024-06-08T18:39:55Z,87.0,Charge 5
2024-06-08T18:40:10Z,87.0,Charge 5
2024-06-08T18:40:15Z,86.0,Charge 5
2024-06-08T18:40:25Z,87.0,Charge 5
2024-06-08T18:40:30Z,88.0,Charge 5
2024-06-08T18:40:35Z,89.0,Charge 5
2024-06-08T18:40:40Z,88.0,Charge 5
2024-06-08T18:40:55Z,87.0,Charge 5
2024-06-08T18:41:05Z,88.0,Charge 5
2024-06-08T18:41:10Z,89.0,Charge 5
2024-06-08T18:41:25Z,88.0,Charge 5
2024-06-08T18:41:40Z,89.0,Charge 5
2024-06-08T18:41:55Z,89.0,Charge 5
2024-06-08T18:42:10Z,88.0,Charge 5
2024-06-08T18:42:25Z,88.0,Charge 5
2024-06-08T18:42:40Z,88.0,Charge 5
2024-06-08T18:42:50Z,87.0,Charge 5
2024-06-08T18:43:00Z,87.0,Charge 5
2024-06-08T18:43:15Z,87.0,Charge 5
2024-06-08T18:43:30Z,87.0,Charge 5
2024-06-08T18:43:45Z,87.0,Charge 5
2024-06-08T18:43:50Z,87.0,Charge 5
2024-06-08T18:44:05Z,87.0,Charge 5
2024-06-08T18:44:15Z,86.0,Charge 5
2024-06-08T18:44:20Z,87.0,Charge 5
2024-06-08T18:44:35Z,88.0,Charge 5
2024-06-08T18:44:50Z,88.0,Charge 5
2024-06-08T18:45:05Z,88.0,Charge 5
2024-06-08T18:45:20Z,87.0,Charge 5
2024-06-08T18:45:35Z,87.0,Charge 5
2024-06-08T18:45:40Z,88.0,Charge 5
2024-06-08T18:45:55Z,88.0,Charge 5
2024-06-08T18:46:10Z,88.0,Charge 5
2024-06-08T18:46:25Z,88.0,Charge 5
2024-06-08T18:46:40Z,88.0,Charge 5
2024-06-08T18:46:50Z,90.0,Charge 5
2024-06-08T18:46:55Z,92.0,Charge 5
2024-06-08T18:47:00Z,90.0,Charge 5
2024-06-08T18:47:05Z,87.0,Charge 5
2024-06-08T18:47:20Z,88.0,Charge 5
2024-06-08T18:47:30Z,87.0,Charge 5
2024-06-08T18:47:40Z,88.0,Charge 5
2024-06-08T18:47:45Z,87.0,Charge 5
2024-06-08T18:47:50Z,89.0,Charge 5
2024-06-08T18:47:55Z,89.0,Charge 5
2024-06-08T18:48:00Z,88.0,Charge 5
2024-06-08T18:48:05Z,87.0,Charge 5
2024-06-08T18:48:10Z,88.0,Charge 5
2024-06-08T18:48:15Z,88.0,Charge 5
2024-06-08T18:48:25Z,89.0,Charge 5
2024-06-08T18:48:30Z,89.0,Charge 5
2024-06-08T18:48:45Z,89.0,Charge 5
2024-06-08T18:48:50Z,88.0,Charge 5
2024-06-08T18:48:55Z,87.0,Charge 5
2024-06-08T18:49:10Z,87.0,Charge 5
2024-06-08T18:49:15Z,90.0,Charge 5
2024-06-08T18:49:20Z,89.0,Charge 5
2024-06-08T18:49:25Z,88.0,Charge 5
2024-06-08T18:49:40Z,88.0,Charge 5
2024-06-08T18:49:55Z,86.0,Charge 5
2024-06-08T18:50:00Z,87.0,Charge 5
2024-06-08T18:50:05Z,88.0,Charge 5
2024-06-08T18:50:20Z,89.0,Charge 5
2024-06-08T18:50:35Z,89.0,Charge 5
2024-06-08T18:50:50Z,88.0,Charge 5
2024-06-08T18:51:05Z,88.0,Charge 5
2024-06-08T18:51:20Z,88.0,Charge 5
2024-06-08T18:51:35Z,88.0,Charge 5
2024-06-08T18:51:50Z,88.0,Charge 5
2024-06-08T18:51:55Z,88.0,Charge 5
2024-06-08T18:52:00Z,88.0,Charge 5
2024-06-08T18:52:15Z,88.0,Charge 5
2024-06-08T18:52:30Z,87.0,Charge 5
2024-06-08T18:52:45Z,87.0,Charge 5
2024-06-08T18:53:00Z,87.0,Charge 5
2024-06-08T18:53:05Z,87.0,Charge 5
2024-06-08T18:53:20Z,87.0,Charge 5
2024-06-08T18:53:30Z,87.0,Charge 5
2024-06-08T18:53:45Z,87.0,Charge 5
2024-06-08T18:53:55Z,87.0,Charge 5
2024-06-08T18:54:00Z,85.0,Charge 5
2024-06-08T18:54:15Z,83.0,Charge 5
2024-06-08T18:54:20Z,82.0,Charge 5
2024-06-08T18:54:25Z,80.0,Charge 5
2024-06-08T18:54:30Z,77.0,Charge 5
2024-06-08T18:54:35Z,75.0,Charge 5
2024-06-08T18:54:50Z,75.0,Charge 5
2024-06-08T18:55:00Z,75.0,Charge 5
2024-06-08T18:55:15Z,75.0,Charge 5
2024-06-08T18:55:30Z,75.0,Charge 5
2024-06-08T18:55:35Z,74.0,Charge 5
2024-06-08T18:55:40Z,74.0,Charge 5
2024-06-08T18:55:50Z,74.0,Charge 5
2024-06-08T18:56:00Z,74.0,Charge 5
2024-06-08T18:56:05Z,75.0,Charge 5
2024-06-08T18:56:20Z,75.0,Charge 5
2024-06-08T18:56:35Z,75.0,Charge 5
2024-06-08T18:56:50Z,76.0,Charge 5
2024-06-08T18:56:55Z,76.0,Charge 5
2024-06-08T18:57:00Z,76.0,Charge 5
2024-06-08T18:57:15Z,76.0,Charge 5
2024-06-08T18:57:30Z,76.0,Charge 5
2024-06-08T18:57:35Z,76.0,Charge 5
2024-06-08T18:57:50Z,76.0,Charge 5
2024-06-08T18:57:55Z,77.0,Charge 5
2024-06-08T18:58:00Z,80.0,Charge 5
2024-06-08T18:58:05Z,85.0,Charge 5
2024-06-08T18:58:10Z,86.0,Charge 5
2024-06-08T18:58:15Z,88.0,Charge 5
2024-06-08T18:58:30Z,89.0,Charge 5
2024-06-08T18:58:35Z,88.0,Charge 5
2024-06-08T18:58:40Z,87.0,Charge 5
2024-06-08T18:58:55Z,88.0,Charge 5
2024-06-08T18:59:10Z,88.0,Charge 5
2024-06-08T18:59:25Z,89.0,Charge 5
2024-06-08T18:59:40Z,89.0,Charge 5
2024-06-08T18:59:45Z,88.0,Charge 5
2024-06-08T18:59:50Z,86.0,Charge 5
2024-06-08T18:59:55Z,87.0,Charge 5
2024-06-08T19:00:00Z,80.0,Charge 5
2024-06-08T19:00:05Z,82.0,Charge 5
2024-06-08T19:00:10Z,84.0,Charge 5
2024-06-08T19:00:15Z,86.0,Charge 5
2024-06-08T19:00:20Z,87.0,Charge 5
2024-06-08T19:00:30Z,88.0,Charge 5
2024-06-08T19:00:40Z,88.0,Charge 5
2024-06-08T19:00:50Z,89.0,Charge 5
2024-06-08T19:00:55Z,91.0,Charge 5
2024-06-08T19:01:00Z,91.0,Charge 5
2024-06-08T19:01:05Z,89.0,Charge 5
2024-06-08T19:01:15Z,87.0,Charge 5
2024-06-08T19:01:20Z,86.0,Charge 5
2024-06-08T19:01:30Z,87.0,Charge 5
2024-06-08T19:01:35Z,88.0,Charge 5
2024-06-08T19:01:50Z,88.0,Charge 5
2024-06-08T19:02:05Z,88.0,Charge 5
2024-06-08T19:02:10Z,89.0,Charge 5
2024-06-08T19:02:15Z,88.0,Charge 5
2024-06-08T19:02:25Z,88.0,Charge 5
2024-06-08T19:02:40Z,88.0,Charge 5
2024-06-08T19:02:55Z,88.0,Charge 5
2024-06-08T19:03:10Z,87.0,Charge 5
2024-06-08T19:03:15Z,86.0,Charge 5
2024-06-08T19:03:30Z,86.0,Charge 5
2024-06-08T19:03:35Z,87.0,Charge 5
2024-06-08T19:03:45Z,85.0,Charge 5
2024-06-08T19:03:50Z,85.0,Charge 5
2024-06-08T19:03:55Z,86.0,Charge 5
2024-06-08T19:04:00Z,87.0,Charge 5
2024-06-08T19:04:10Z,87.0,Charge 5
2024-06-08T19:04:15Z,87.0,Charge 5
2024-06-08T19:04:30Z,87.0,Charge 5
2024-06-08T19:04:35Z,86.0,Charge 5
2024-06-08T19:04:45Z,87.0,Charge 5
2024-06-08T19:05:00Z,88.0,Charge 5
2024-06-08T19:05:05Z,89.0,Charge 5
2024-06-08T19:05:10Z,90.0,Charge 5
2024-06-08T19:05:15Z,91.0,Charge 5
2024-06-08T19:05:30Z,91.0,Charge 5
2024-06-08T19:05:45Z,91.0,Charge 5
2024-06-08T19:05:55Z,92.0,Charge 5
2024-06-08T19:06:00Z,93.0,Charge 5
2024-06-08T19:06:10Z,92.0,Charge 5
2024-06-08T19:06:15Z,91.0,Charge 5
2024-06-08T19:06:30Z,91.0,Charge 5
2024-06-08T19:06:35Z,90.0,Charge 5
2024-06-08T19:06:50Z,89.0,Charge 5
2024-06-08T19:07:05Z,89.0,Charge 5
2024-06-08T19:07:20Z,89.0,Charge 5
2024-06-08T19:07:25Z,89.0,Charge 5
2024-06-08T19:07:35Z,88.0,Charge 5
2024-06-08T19:07:40Z,88.0,Charge 5
2024-06-08T19:07:50Z,92.0,Charge 5
2024-06-08T19:07:55Z,92.0,Charge 5
2024-06-08T19:08:00Z,92.0,Charge 5
2024-06-08T19:08:05Z,91.0,Charge 5
2024-06-08T19:08:15Z,90.0,Charge 5
2024-06-08T19:08:30Z,91.0,Charge 5
2024-06-08T19:08:35Z,92.0,Charge 5
2024-06-08T19:08:40Z,94.0,Charge 5
2024-06-08T19:08:45Z,96.0,Charge 5
2024-06-08T19:08:50Z,98.0,Charge 5
2024-06-08T19:08:55Z,101.0,Charge 5
2024-06-08T19:09:00Z,102.0,Charge 5
2024-06-08T19:09:09Z,103.0,Charge 5
2024-06-08T19:09:14Z,102.0,Charge 5
2024-06-08T19:09:19Z,99.0,Charge 5
2024-06-08T19:09:29Z,100.0,Charge 5
2024-06-08T19:09:34Z,97.0,Charge 5
2024-06-08T19:09:39Z,96.0,Charge 5
2024-06-08T19:09:44Z,99.0,Charge 5
2024-06-08T19:09:49Z,100.0,Charge 5
2024-06-08T19:09:54Z,100.0,Charge 5
2024-06-08T19:10:09Z,100.0,Charge 5
2024-06-08T19:10:19Z,101.0,Charge 5
2024-06-08T19:10:29Z,101.0,Charge 5
2024-06-08T19:10:44Z,100.0,Charge 5
2024-06-08T19:10:54Z,101.0,Charge 5
2024-06-08T19:11:04Z,100.0,Charge 5
2024-06-08T19:11:09Z,97.0,Charge 5
2024-06-08T19:11:14Z,99.0,Charge 5
2024-06-08T19:11:19Z,106.0,Charge 5
2024-06-08T19:11:24Z,108.0,Charge 5
2024-06-08T19:11:39Z,108.0,Charge 5
2024-06-08T19:11:44Z,106.0,Charge 5
2024-06-08T19:11:49Z,106.0,Charge 5
2024-06-08T19:12:04Z,106.0,Charge 5
2024-06-08T19:12:19Z,106.0,Charge 5
2024-06-08T19:12:24Z,107.0,Charge 5
2024-06-08T19:12:29Z,105.0,Charge 5
2024-06-08T19:12:34Z,105.0,Charge 5
2024-06-08T19:12:39Z,105.0,Charge 5
2024-06-08T19:12:54Z,105.0,Charge 5
2024-06-08T19:12:59Z,103.0,Charge 5
2024-06-08T19:13:04Z,101.0,Charge 5
2024-06-08T19:13:19Z,101.0,Charge 5
2024-06-08T19:13:24Z,104.0,Charge 5
2024-06-08T19:13:29Z,103.0,Charge 5
2024-06-08T19:13:39Z,105.0,Charge 5
2024-06-08T19:13:44Z,106.0,Charge 5
2024-06-08T19:13:49Z,104.0,Charge 5
2024-06-08T19:13:54Z,100.0,Charge 5
2024-06-08T19:13:59Z,99.0,Charge 5
2024-06-08T19:14:14Z,98.0,Charge 5
2024-06-08T19:14:29Z,100.0,Charge 5
2024-06-08T19:14:39Z,102.0,Charge 5
2024-06-08T19:14:44Z,105.0,Charge 5
2024-06-08T19:14:49Z,106.0,Charge 5
2024-06-08T19:14:59Z,104.0,Charge 5
2024-06-08T19:15:04Z,102.0,Charge 5
2024-06-08T19:15:09Z,101.0,Charge 5
2024-06-08T19:15:14Z,99.0,Charge 5
2024-06-08T19:15:19Z,101.0,Charge 5
2024-06-08T19:15:24Z,103.0,Charge 5
2024-06-08T19:15:34Z,104.0,Charge 5
2024-06-08T19:15:39Z,105.0,Charge 5
2024-06-08T19:15:49Z,93.0,Charge 5
2024-06-08T19:15:54Z,88.0,Charge 5
2024-06-08T19:15:59Z,90.0,Charge 5
2024-06-08T19:16:14Z,90.0,Charge 5
2024-06-08T19:16:24Z,90.0,Charge 5
2024-06-08T19:16:39Z,90.0,Charge 5
2024-06-08T19:16:49Z,90.0,Charge 5
2024-06-08T19:16:59Z,90.0,Charge 5
2024-06-08T19:17:14Z,90.0,Charge 5
2024-06-08T19:17:24Z,89.0,Charge 5
2024-06-08T19:17:39Z,89.0,Charge 5
2024-06-08T19:17:54Z,89.0,Charge 5
2024-06-08T19:17:59Z,89.0,Charge 5
2024-06-08T19:18:14Z,89.0,Charge 5
2024-06-08T19:18:24Z,88.0,Charge 5
2024-06-08T19:18:34Z,87.0,Charge 5
2024-06-08T19:18:44Z,88.0,Charge 5
2024-06-08T19:18:49Z,87.0,Charge 5
2024-06-08T19:18:54Z,85.0,Charge 5
2024-06-08T19:18:59Z,87.0,Charge 5
2024-06-08T19:19:09Z,86.0,Charge 5
2024-06-08T19:19:14Z,85.0,Charge 5
2024-06-08T19:19:19Z,86.0,Charge 5
2024-06-08T19:19:24Z,86.0,Charge 5
2024-06-08T19:19:34Z,89.0,Charge 5
2024-06-08T19:19:44Z,87.0,Charge 5
2024-06-08T19:19:49Z,87.0,Charge 5
2024-06-08T19:19:54Z,86.0,Charge 5
2024-06-08T19:19:59Z,86.0,Charge 5
2024-06-08T19:20:04Z,86.0,Charge 5
2024-06-08T19:20:14Z,87.0,Charge 5
2024-06-08T19:20:19Z,90.0,Charge 5
2024-06-08T19:20:24Z,89.0,Charge 5
2024-06-08T19:20:29Z,88.0,Charge 5
2024-06-08T19:20:34Z,87.0,Charge 5
2024-06-08T19:20:39Z,86.0,Charge 5
2024-06-08T19:20:49Z,88.0,Charge 5
2024-06-08T19:20:54Z,94.0,Charge 5
2024-06-08T19:20:59Z,95.0,Charge 5
2024-06-08T19:21:04Z,94.0,Charge 5
2024-06-08T19:21:09Z,93.0,Charge 5
2024-06-08T19:21:14Z,92.0,Charge 5
2024-06-08T19:21:24Z,91.0,Charge 5
2024-06-08T19:21:29Z,90.0,Charge 5
2024-06-08T19:21:39Z,88.0,Charge 5
2024-06-08T19:21:54Z,87.0,Charge 5
2024-06-08T19:22:09Z,87.0,Charge 5
2024-06-08T19:22:14Z,86.0,Charge 5
2024-06-08T19:22:29Z,86.0,Charge 5
2024-06-08T19:22:44Z,86.0,Charge 5
2024-06-08T19:22:49Z,86.0,Charge 5
2024-06-08T19:23:04Z,87.0,Charge 5
2024-06-08T19:23:09Z,87.0,Charge 5
2024-06-08T19:23:14Z,88.0,Charge 5
2024-06-08T19:23:24Z,87.0,Charge 5
2024-06-08T19:23:29Z,87.0,Charge 5
2024-06-08T19:23:34Z,88.0,Charge 5
2024-06-08T19:23:44Z,87.0,Charge 5
2024-06-08T19:23:49Z,87.0,Charge 5
2024-06-08T19:23:54Z,88.0,Charge 5
2024-06-08T19:24:04Z,87.0,Charge 5
2024-06-08T19:24:14Z,86.0,Charge 5
2024-06-08T19:24:20Z,86.0,Charge 5
2024-06-08T19:24:35Z,86.0,Charge 5
2024-06-08T19:24:40Z,87.0,Charge 5
2024-06-08T19:24:45Z,88.0,Charge 5
2024-06-08T19:24:55Z,89.0,Charge 5
2024-06-08T19:25:05Z,89.0,Charge 5
2024-06-08T19:25:10Z,88.0,Charge 5
2024-06-08T19:25:15Z,87.0,Charge 5
2024-06-08T19:25:30Z,87.0,Charge 5
2024-06-08T19:25:35Z,86.0,Charge 5
2024-06-08T19:25:40Z,86.0,Charge 5
2024-06-08T19:25:45Z,86.0,Charge 5
2024-06-08T19:25:50Z,82.0,Charge 5
2024-06-08T19:25:55Z,83.0,Charge 5
2024-06-08T19:26:00Z,85.0,Charge 5
2024-06-08T19:26:05Z,86.0,Charge 5
2024-06-08T19:26:20Z,86.0,Charge 5
2024-06-08T19:26:25Z,87.0,Charge 5
2024-06-08T19:26:30Z,86.0,Charge 5
2024-06-08T19:26:40Z,88.0,Charge 5
2024-06-08T19:26:55Z,89.0,Charge 5
2024-06-08T19:27:00Z,88.0,Charge 5
2024-06-08T19:27:10Z,87.0,Charge 5
2024-06-08T19:27:15Z,87.0,Charge 5
2024-06-08T19:27:25Z,88.0,Charge 5
2024-06-08T19:27:35Z,87.0,Charge 5
2024-06-08T19:27:45Z,86.0,Charge 5
2024-06-08T19:27:50Z,86.0,Charge 5
2024-06-08T19:28:05Z,86.0,Charge 5
2024-06-08T19:28:10Z,87.0,Charge 5
2024-06-08T19:28:15Z,86.0,Charge 5
2024-06-08T19:28:30Z,86.0,Charge 5
2024-06-08T19:28:45Z,86.0,Charge 5
2024-06-08T19:28:50Z,87.0,Charge 5
2024-06-08T19:29:05Z,88.0,Charge 5
2024-06-08T19:29:15Z,87.0,Charge 5
2024-06-08T19:29:20Z,88.0,Charge 5
2024-06-08T19:29:35Z,88.0,Charge 5
2024-06-08T19:29:40Z,89.0,Charge 5
2024-06-08T19:29:45Z,90.0,Charge 5
2024-06-08T19:29:50Z,88.0,Charge 5
2024-06-08T19:30:05Z,88.0,Charge 5
2024-06-08T19:30:15Z,88.0,Charge 5
2024-06-08T19:30:20Z,87.0,Charge 5
2024-06-08T19:30:30Z,86.0,Charge 5
2024-06-08T19:30:40Z,87.0,Charge 5
2024-06-08T19:30:45Z,87.0,Charge 5
2024-06-08T19:30:50Z,88.0,Charge 5
2024-06-08T19:31:05Z,87.0,Charge 5
2024-06-08T19:31:20Z,88.0,Charge 5
2024-06-08T19:31:25Z,88.0,Charge 5
2024-06-08T19:31:30Z,89.0,Charge 5
2024-06-08T19:31:35Z,90.0,Charge 5
2024-06-08T19:31:40Z,91.0,Charge 5
2024-06-08T19:31:45Z,91.0,Charge 5
2024-06-08T19:31:55Z,92.0,Charge 5
2024-06-08T19:32:00Z,90.0,Charge 5
2024-06-08T19:32:05Z,88.0,Charge 5
2024-06-08T19:32:10Z,89.0,Charge 5
2024-06-08T19:32:15Z,90.0,Charge 5
2024-06-08T19:32:20Z,90.0,Charge 5
2024-06-08T19:32:25Z,91.0,Charge 5
2024-06-08T19:32:30Z,89.0,Charge 5
2024-06-08T19:32:45Z,89.0,Charge 5
2024-06-08T19:33:00Z,89.0,Charge 5
2024-06-08T19:33:05Z,87.0,Charge 5
2024-06-08T19:33:20Z,87.0,Charge 5
2024-06-08T19:33:30Z,87.0,Charge 5
2024-06-08T19:33:40Z,88.0,Charge 5
2024-06-08T19:33:45Z,97.0,Charge 5
2024-06-08T19:33:50Z,98.0,Charge 5
2024-06-08T19:33:55Z,96.0,Charge 5
2024-06-08T19:34:00Z,94.0,Charge 5
2024-06-08T19:34:05Z,93.0,Charge 5
2024-06-08T19:34:10Z,94.0,Charge 5
2024-06-08T19:34:25Z,94.0,Charge 5
2024-06-08T19:34:35Z,93.0,Charge 5
2024-06-08T19:34:40Z,94.0,Charge 5
2024-06-08T19:34:45Z,95.0,Charge 5
2024-06-08T19:34:50Z,97.0,Charge 5
2024-06-08T19:34:55Z,97.0,Charge 5
2024-06-08T19:35:10Z,99.0,Charge 5
2024-06-08T19:35:25Z,99.0,Charge 5
2024-06-08T19:35:30Z,98.0,Charge 5
2024-06-08T19:35:45Z,98.0,Charge 5
2024-06-08T19:36:00Z,98.0,Charge 5
2024-06-08T19:36:15Z,99.0,Charge 5
2024-06-08T19:36:30Z,99.0,Charge 5
2024-06-08T19:36:35Z,98.0,Charge 5
2024-06-08T19:36:50Z,98.0,Charge 5
2024-06-08T19:37:05Z,98.0,Charge 5
2024-06-08T19:37:15Z,99.0,Charge 5
2024-06-08T19:37:25Z,98.0,Charge 5
2024-06-08T19:37:35Z,99.0,Charge 5
2024-06-08T19:37:50Z,98.0,Charge 5
2024-06-08T19:37:55Z,97.0,Charge 5
2024-06-08T19:38:10Z,96.0,Charge 5
2024-06-08T19:38:15Z,95.0,Charge 5
2024-06-08T19:38:20Z,96.0,Charge 5
2024-06-08T19:38:30Z,92.0,Charge 5
2024-06-08T19:38:35Z,88.0,Charge 5
2024-06-08T19:38:40Z,89.0,Charge 5
2024-06-08T19:38:45Z,91.0,Charge 5
2024-06-08T19:38:50Z,94.0,Charge 5
2024-06-08T19:39:05Z,94.0,Charge 5
2024-06-08T19:39:10Z,93.0,Charge 5
2024-06-08T19:39:15Z,91.0,Charge 5
2024-06-08T19:39:20Z,90.0,Charge 5
2024-06-08T19:39:27Z,90.0,Charge 5
2024-06-08T19:39:32Z,89.0,Charge 5
2024-06-08T19:39:37Z,90.0,Charge 5
2024-06-08T19:39:42Z,91.0,Charge 5
2024-06-08T19:39:47Z,92.0,Charge 5
2024-06-08T19:39:57Z,91.0,Charge 5
2024-06-08T19:40:02Z,92.0,Charge 5
2024-06-08T19:40:12Z,91.0,Charge 5
2024-06-08T19:40:17Z,89.0,Charge 5
2024-06-08T19:40:32Z,89.0,Charge 5
2024-06-08T19:40:37Z,88.0,Charge 5
2024-06-08T19:40:42Z,92.0,Charge 5
2024-06-08T19:40:47Z,99.0,Charge 5
2024-06-08T19:40:52Z,100.0,Charge 5
2024-06-08T19:40:57Z,98.0,Charge 5
2024-06-08T19:41:02Z,96.0,Charge 5
2024-06-08T19:41:07Z,92.0,Charge 5
2024-06-08T19:41:12Z,90.0,Charge 5
2024-06-08T19:41:17Z,92.0,Charge 5
2024-06-08T19:41:22Z,94.0,Charge 5
2024-06-08T19:41:32Z,93.0,Charge 5
2024-06-08T19:41:37Z,95.0,Charge 5
2024-06-08T19:41:42Z,98.0,Charge 5
2024-06-08T19:41:47Z,96.0,Charge 5
2024-06-08T19:41:52Z,94.0,Charge 5
2024-06-08T19:42:07Z,92.0,Charge 5
2024-06-08T19:42:12Z,91.0,Charge 5
2024-06-08T19:42:17Z,86.0,Charge 5
2024-06-08T19:42:22Z,88.0,Charge 5
2024-06-08T19:42:27Z,89.0,Charge 5
2024-06-08T19:42:32Z,91.0,Charge 5
2024-06-08T19:42:37Z,90.0,Charge 5
2024-06-08T19:42:52Z,91.0,Charge 5
2024-06-08T19:42:57Z,93.0,Charge 5
2024-06-08T19:43:02Z,92.0,Charge 5
2024-06-08T19:43:07Z,93.0,Charge 5
2024-06-08T19:43:12Z,94.0,Charge 5
2024-06-08T19:43:17Z,96.0,Charge 5
2024-06-08T19:43:22Z,97.0,Charge 5
2024-06-08T19:43:27Z,95.0,Charge 5
2024-06-08T19:43:32Z,94.0,Charge 5
2024-06-08T19:43:47Z,94.0,Charge 5
2024-06-08T19:44:02Z,93.0,Charge 5
2024-06-08T19:44:12Z,94.0,Charge 5
2024-06-08T19:44:17Z,92.0,Charge 5
2024-06-08T19:44:22Z,91.0,Charge 5
2024-06-08T19:44:32Z,92.0,Charge 5
2024-06-08T19:44:42Z,94.0,Charge 5
2024-06-08T19:44:47Z,93.0,Charge 5
2024-06-08T19:45:02Z,94.0,Charge 5
2024-06-08T19:45:17Z,95.0,Charge 5
2024-06-08T19:45:27Z,94.0,Charge 5
2024-06-08T19:45:32Z,93.0,Charge 5
2024-06-08T19:45:37Z,95.0,Charge 5
2024-06-08T19:45:42Z,95.0,Charge 5
2024-06-08T19:45:47Z,94.0,Charge 5
2024-06-08T19:45:52Z,93.0,Charge 5
2024-06-08T19:45:57Z,92.0,Charge 5
2024-06-08T19:46:02Z,91.0,Charge 5
2024-06-08T19:46:12Z,92.0,Charge 5
2024-06-08T19:46:27Z,92.0,Charge 5
2024-06-08T19:46:42Z,92.0,Charge 5
2024-06-08T19:46:47Z,93.0,Charge 5
2024-06-08T19:46:57Z,94.0,Charge 5
2024-06-08T19:47:07Z,95.0,Charge 5
2024-06-08T19:47:17Z,96.0,Charge 5
2024-06-08T19:47:22Z,95.0,Charge 5
2024-06-08T19:47:27Z,96.0,Charge 5
2024-06-08T19:47:32Z,97.0,Charge 5
2024-06-08T19:47:37Z,96.0,Charge 5
2024-06-08T19:47:47Z,95.0,Charge 5
2024-06-08T19:47:52Z,91.0,Charge 5
2024-06-08T19:47:57Z,91.0,Charge 5
2024-06-08T19:48:02Z,92.0,Charge 5
2024-06-08T19:48:07Z,94.0,Charge 5
2024-06-08T19:48:12Z,93.0,Charge 5
2024-06-08T19:48:27Z,93.0,Charge 5
2024-06-08T19:48:32Z,94.0,Charge 5
2024-06-08T19:48:37Z,97.0,Charge 5
2024-06-08T19:48:42Z,98.0,Charge 5
2024-06-08T19:48:52Z,97.0,Charge 5
2024-06-08T19:48:57Z,94.0,Charge 5
2024-06-08T19:49:02Z,93.0,Charge 5
2024-06-08T19:49:07Z,92.0,Charge 5
2024-06-08T19:49:12Z,91.0,Charge 5
2024-06-08T19:49:17Z,93.0,Charge 5
2024-06-08T19:49:22Z,92.0,Charge 5
2024-06-08T19:49:27Z,90.0,Charge 5
2024-06-08T19:49:32Z,92.0,Charge 5
2024-06-08T19:49:47Z,93.0,Charge 5
2024-06-08T19:50:02Z,93.0,Charge 5
2024-06-08T19:50:12Z,94.0,Charge 5
2024-06-08T19:50:22Z,93.0,Charge 5
2024-06-08T19:50:32Z,94.0,Charge 5
2024-06-08T19:50:37Z,95.0,Charge 5
2024-06-08T19:50:42Z,93.0,Charge 5
2024-06-08T19:50:57Z,93.0,Charge 5
2024-06-08T19:51:12Z,94.0,Charge 5
2024-06-08T19:51:17Z,96.0,Charge 5
2024-06-08T19:51:32Z,95.0,Charge 5
2024-06-08T19:51:42Z,96.0,Charge 5
2024-06-08T19:51:52Z,94.0,Charge 5
2024-06-08T19:51:57Z,92.0,Charge 5
2024-06-08T19:52:02Z,93.0,Charge 5
2024-06-08T19:52:17Z,94.0,Charge 5
2024-06-08T19:52:22Z,92.0,Charge 5
2024-06-08T19:52:37Z,92.0,Charge 5
2024-06-08T19:52:52Z,94.0,Charge 5
2024-06-08T19:52:57Z,94.0,Charge 5
2024-06-08T19:53:07Z,95.0,Charge 5
2024-06-08T19:53:12Z,96.0,Charge 5
2024-06-08T19:53:27Z,96.0,Charge 5
2024-06-08T19:53:32Z,97.0,Charge 5
2024-06-08T19:53:37Z,96.0,Charge 5
2024-06-08T19:53:52Z,96.0,Charge 5
2024-06-08T19:53:57Z,97.0,Charge 5
2024-06-08T19:54:12Z,96.0,Charge 5
2024-06-08T19:54:22Z,97.0,Charge 5
2024-06-08T19:54:29Z,98.0,Charge 5
2024-06-08T19:54:39Z,97.0,Charge 5
2024-06-08T19:54:44Z,96.0,Charge 5
2024-06-08T19:54:54Z,95.0,Charge 5
2024-06-08T19:55:09Z,97.0,Charge 5
2024-06-08T19:55:14Z,98.0,Charge 5
2024-06-08T19:55:19Z,97.0,Charge 5
2024-06-08T19:55:24Z,98.0,Charge 5
2024-06-08T19:55:29Z,97.0,Charge 5
2024-06-08T19:55:34Z,98.0,Charge 5
2024-06-08T19:55:39Z,97.0,Charge 5
2024-06-08T19:55:44Z,95.0,Charge 5
2024-06-08T19:55:54Z,94.0,Charge 5
2024-06-08T19:55:59Z,95.0,Charge 5
2024-06-08T19:56:04Z,94.0,Charge 5
2024-06-08T19:56:19Z,94.0,Charge 5
2024-06-08T19:56:34Z,96.0,Charge 5
2024-06-08T19:56:39Z,97.0,Charge 5
2024-06-08T19:56:54Z,97.0,Charge 5
2024-06-08T19:56:59Z,98.0,Charge 5
2024-06-08T19:57:14Z,98.0,Charge 5
2024-06-08T19:57:19Z,99.0,Charge 5
2024-06-08T19:57:29Z,97.0,Charge 5
2024-06-08T19:57:44Z,97.0,Charge 5
2024-06-08T19:57:49Z,96.0,Charge 5
2024-06-08T19:57:59Z,95.0,Charge 5
2024-06-08T19:58:04Z,94.0,Charge 5
2024-06-08T19:58:09Z,93.0,Charge 5
2024-06-08T19:58:19Z,94.0,Charge 5
2024-06-08T19:58:24Z,96.0,Charge 5
2024-06-08T19:58:29Z,97.0,Charge 5
2024-06-08T19:58:34Z,98.0,Charge 5
2024-06-08T19:58:39Z,99.0,Charge 5
2024-06-08T19:58:49Z,98.0,Charge 5
2024-06-08T19:58:54Z,99.0,Charge 5
2024-06-08T19:59:04Z,100.0,Charge 5
2024-06-08T19:59:19Z,100.0,Charge 5
2024-06-08T19:59:24Z,99.0,Charge 5
2024-06-08T19:59:29Z,96.0,Charge 5
2024-06-08T19:59:39Z,97.0,Charge 5
2024-06-08T19:59:44Z,95.0,Charge 5
2024-06-08T19:59:49Z,96.0,Charge 5
2024-06-08T19:59:54Z,98.0,Charge 5
2024-06-08T20:00:04Z,101.0,Charge 5
2024-06-08T20:00:09Z,106.0,Charge 5
2024-06-08T20:00:19Z,106.0,Charge 5
2024-06-08T20:00:24Z,104.0,Charge 5
2024-06-08T20:00:39Z,104.0,Charge 5
2024-06-08T20:00:49Z,105.0,Charge 5
2024-06-08T20:00:54Z,107.0,Charge 5
2024-06-08T20:01:04Z,101.0,Charge 5
2024-06-08T20:01:09Z,100.0,Charge 5
2024-06-08T20:01:24Z,99.0,Charge 5
2024-06-08T20:01:29Z,97.0,Charge 5
2024-06-08T20:01:34Z,96.0,Charge 5
2024-06-08T20:01:39Z,97.0,Charge 5
2024-06-08T20:01:44Z,98.0,Charge 5
2024-06-08T20:01:54Z,99.0,Charge 5
2024-06-08T20:01:59Z,100.0,Charge 5
2024-06-08T20:02:04Z,99.0,Charge 5
2024-06-08T20:02:09Z,98.0,Charge 5
2024-06-08T20:02:19Z,96.0,Charge 5
2024-06-08T20:02:24Z,95.0,Charge 5
2024-06-08T20:02:29Z,96.0,Charge 5
2024-06-08T20:02:34Z,97.0,Charge 5
2024-06-08T20:02:39Z,98.0,Charge 5
2024-06-08T20:02:49Z,99.0,Charge 5
2024-06-08T20:02:54Z,98.0,Charge 5
2024-06-08T20:03:04Z,100.0,Charge 5
2024-06-08T20:03:09Z,101.0,Charge 5
2024-06-08T20:03:14Z,104.0,Charge 5
2024-06-08T20:03:19Z,106.0,Charge 5
2024-06-08T20:03:24Z,107.0,Charge 5
2024-06-08T20:03:29Z,108.0,Charge 5
2024-06-08T20:03:34Z,100.0,Charge 5
2024-06-08T20:03:39Z,95.0,Charge 5
2024-06-08T20:03:44Z,94.0,Charge 5
2024-06-08T20:03:59Z,94.0,Charge 5
2024-06-08T20:04:04Z,93.0,Charge 5
2024-06-08T20:04:14Z,92.0,Charge 5
2024-06-08T20:04:19Z,90.0,Charge 5
2024-06-08T20:04:24Z,89.0,Charge 5
2024-06-08T20:04:39Z,90.0,Charge 5
2024-06-08T20:04:44Z,89.0,Charge 5
2024-06-08T20:04:49Z,88.0,Charge 5
2024-06-08T20:04:54Z,87.0,Charge 5
2024-06-08T20:04:59Z,86.0,Charge 5
2024-06-08T20:05:09Z,87.0,Charge 5
2024-06-08T20:05:24Z,86.0,Charge 5
2024-06-08T20:05:29Z,84.0,Charge 5
2024-06-08T20:05:34Z,83.0,Charge 5
2024-06-08T20:05:49Z,83.0,Charge 5
2024-06-08T20:05:54Z,83.0,Charge 5
2024-06-08T20:06:04Z,84.0,Charge 5
2024-06-08T20:06:09Z,84.0,Charge 5
2024-06-08T20:06:24Z,84.0,Charge 5
2024-06-08T20:06:29Z,85.0,Charge 5
2024-06-08T20:06:39Z,86.0,Charge 5
2024-06-08T20:06:54Z,86.0,Charge 5
2024-06-08T20:07:04Z,88.0,Charge 5
2024-06-08T20:07:09Z,84.0,Charge 5
2024-06-08T20:07:14Z,86.0,Charge 5
2024-06-08T20:07:24Z,86.0,Charge 5
2024-06-08T20:07:29Z,87.0,Charge 5
2024-06-08T20:07:34Z,86.0,Charge 5
2024-06-08T20:07:44Z,85.0,Charge 5
2024-06-08T20:07:49Z,84.0,Charge 5
2024-06-08T20:07:54Z,83.0,Charge 5
2024-06-08T20:07:59Z,83.0,Charge 5
2024-06-08T20:08:14Z,84.0,Charge 5
2024-06-08T20:08:19Z,85.0,Charge 5
2024-06-08T20:08:24Z,86.0,Charge 5
2024-06-08T20:08:29Z,85.0,Charge 5
2024-06-08T20:08:34Z,84.0,Charge 5
2024-06-08T20:08:39Z,85.0,Charge 5
2024-06-08T20:08:49Z,84.0,Charge 5
2024-06-08T20:08:54Z,81.0,Charge 5
2024-06-08T20:09:04Z,82.0,Charge 5
2024-06-08T20:09:19Z,82.0,Charge 5
2024-06-08T20:09:24Z,82.0,Charge 5
2024-06-08T20:09:29Z,81.0,Charge 5
2024-06-08T20:09:39Z,82.0,Charge 5
2024-06-08T20:09:44Z,81.0,Charge 5
2024-06-08T20:09:59Z,81.0,Charge 5
2024-06-08T20:10:14Z,81.0,Charge 5
2024-06-08T20:10:29Z,81.0,Charge 5
2024-06-08T20:10:39Z,79.0,Charge 5
2024-06-08T20:10:44Z,80.0,Charge 5
2024-06-08T20:10:49Z,83.0,Charge 5
2024-06-08T20:10:59Z,82.0,Charge 5
2024-06-08T20:11:09Z,84.0,Charge 5
2024-06-08T20:11:14Z,85.0,Charge 5
2024-06-08T20:11:19Z,85.0,Charge 5
2024-06-08T20:11:24Z,82.0,Charge 5
2024-06-08T20:11:34Z,85.0,Charge 5
2024-06-08T20:11:39Z,85.0,Charge 5
2024-06-08T20:11:44Z,86.0,Charge 5
2024-06-08T20:11:54Z,85.0,Charge 5
2024-06-08T20:12:04Z,86.0,Charge 5
2024-06-08T20:12:09Z,87.0,Charge 5
2024-06-08T20:12:14Z,88.0,Charge 5
2024-06-08T20:12:24Z,85.0,Charge 5
2024-06-08T20:12:29Z,79.0,Charge 5
2024-06-08T20:12:34Z,78.0,Charge 5
2024-06-08T20:12:39Z,79.0,Charge 5
2024-06-08T20:12:44Z,81.0,Charge 5
2024-06-08T20:12:49Z,82.0,Charge 5
2024-06-08T20:12:54Z,83.0,Charge 5
2024-06-08T20:12:59Z,84.0,Charge 5
2024-06-08T20:13:09Z,83.0,Charge 5
2024-06-08T20:13:14Z,83.0,Charge 5
2024-06-08T20:13:19Z,86.0,Charge 5
2024-06-08T20:13:24Z,88.0,Charge 5
2024-06-08T20:13:29Z,87.0,Charge 5
2024-06-08T20:13:39Z,86.0,Charge 5
2024-06-08T20:13:54Z,86.0,Charge 5
2024-06-08T20:13:59Z,86.0,Charge 5
2024-06-08T20:14:04Z,85.0,Charge 5
2024-06-08T20:14:09Z,84.0,Charge 5
2024-06-08T20:14:14Z,84.0,Charge 5
2024-06-08T20:14:29Z,85.0,Charge 5
2024-06-08T20:14:44Z,85.0,Charge 5
2024-06-08T20:14:49Z,85.0,Charge 5
2024-06-08T20:14:54Z,85.0,Charge 5
2024-06-08T20:14:59Z,86.0,Charge 5
2024-06-08T20:15:14Z,86.0,Charge 5
2024-06-08T20:15:29Z,86.0,Charge 5
2024-06-08T20:15:34Z,84.0,Charge 5
2024-06-08T20:15:49Z,83.0,Charge 5
2024-06-08T20:15:54Z,82.0,Charge 5
2024-06-08T20:15:59Z,81.0,Charge 5
2024-06-08T20:16:04Z,82.0,Charge 5
2024-06-08T20:16:09Z,83.0,Charge 5
2024-06-08T20:16:14Z,84.0,Charge 5
2024-06-08T20:16:19Z,85.0,Charge 5
2024-06-08T20:16:29Z,84.0,Charge 5
2024-06-08T20:16:34Z,85.0,Charge 5
2024-06-08T20:16:39Z,87.0,Charge 5
2024-06-08T20:16:49Z,86.0,Charge 5
2024-06-08T20:16:54Z,85.0,Charge 5
2024-06-08T20:16:59Z,84.0,Charge 5
2024-06-08T20:17:09Z,84.0,Charge 5
2024-06-08T20:17:19Z,86.0,Charge 5
2024-06-08T20:17:24Z,85.0,Charge 5
2024-06-08T20:17:29Z,85.0,Charge 5
2024-06-08T20:17:34Z,85.0,Charge 5
2024-06-08T20:17:39Z,84.0,Charge 5
2024-06-08T20:17:44Z,85.0,Charge 5
2024-06-08T20:17:59Z,84.0,Charge 5
2024-06-08T20:18:04Z,83.0,Charge 5
2024-06-08T20:18:09Z,81.0,Charge 5
2024-06-08T20:18:19Z,82.0,Charge 5
2024-06-08T20:18:24Z,84.0,Charge 5
2024-06-08T20:18:29Z,84.0,Charge 5
2024-06-08T20:18:34Z,85.0,Charge 5
2024-06-08T20:18:39Z,86.0,Charge 5
2024-06-08T20:18:44Z,87.0,Charge 5
2024-06-08T20:18:49Z,89.0,Charge 5
2024-06-08T20:18:54Z,88.0,Charge 5
2024-06-08T20:19:04Z,86.0,Charge 5
2024-06-08T20:19:09Z,84.0,Charge 5
2024-06-08T20:19:14Z,83.0,Charge 5
2024-06-08T20:19:19Z,83.0,Charge 5
2024-06-08T20:19:24Z,84.0,Charge 5
2024-06-08T20:19:29Z,85.0,Charge 5
2024-06-08T20:19:39Z,84.0,Charge 5
2024-06-08T20:19:44Z,83.0,Charge 5
2024-06-08T20:19:59Z,84.0,Charge 5
2024-06-08T20:20:04Z,85.0,Charge 5
2024-06-08T20:20:09Z,85.0,Charge 5
2024-06-08T20:20:14Z,86.0,Charge 5
2024-06-08T20:20:29Z,86.0,Charge 5
2024-06-08T20:20:34Z,85.0,Charge 5
2024-06-08T20:20:39Z,86.0,Charge 5
2024-06-08T20:20:44Z,87.0,Charge 5
2024-06-08T20:20:49Z,88.0,Charge 5
2024-06-08T20:20:54Z,86.0,Charge 5
2024-06-08T20:20:59Z,85.0,Charge 5
2024-06-08T20:21:09Z,85.0,Charge 5
2024-06-08T20:21:14Z,86.0,Charge 5
2024-06-08T20:21:24Z,85.0,Charge 5
2024-06-08T20:21:29Z,84.0,Charge 5
2024-06-08T20:21:34Z,84.0,Charge 5
2024-06-08T20:21:39Z,85.0,Charge 5
2024-06-08T20:21:44Z,86.0,Charge 5
2024-06-08T20:21:49Z,87.0,Charge 5
2024-06-08T20:21:54Z,85.0,Charge 5
2024-06-08T20:21:59Z,83.0,Charge 5
2024-06-08T20:22:04Z,84.0,Charge 5
2024-06-08T20:22:14Z,85.0,Charge 5
2024-06-08T20:22:19Z,84.0,Charge 5
2024-06-08T20:22:24Z,82.0,Charge 5
2024-06-08T20:22:29Z,80.0,Charge 5
2024-06-08T20:22:39Z,81.0,Charge 5
2024-06-08T20:22:44Z,82.0,Charge 5
2024-06-08T20:22:49Z,82.0,Charge 5
2024-06-08T20:22:54Z,83.0,Charge 5
2024-06-08T20:23:09Z,83.0,Charge 5
2024-06-08T20:23:19Z,82.0,Charge 5
2024-06-08T20:23:29Z,81.0,Charge 5
2024-06-08T20:23:34Z,81.0,Charge 5
2024-06-08T20:23:39Z,82.0,Charge 5
2024-06-08T20:23:44Z,83.0,Charge 5
2024-06-08T20:23:49Z,83.0,Charge 5
2024-06-08T20:23:54Z,85.0,Charge 5
2024-06-08T20:23:59Z,86.0,Charge 5
2024-06-08T20:24:04Z,85.0,Charge 5
2024-06-08T20:24:09Z,83.0,Charge 5
2024-06-08T20:24:19Z,84.0,Charge 5
2024-06-08T20:24:24Z,85.0,Charge 5
2024-06-08T20:24:29Z,87.0,Charge 5
2024-06-08T20:24:34Z,86.0,Charge 5
2024-06-08T20:24:41Z,85.0,Charge 5
2024-06-08T20:24:46Z,86.0,Charge 5
2024-06-08T20:24:51Z,89.0,Charge 5
2024-06-08T20:25:06Z,87.0,Charge 5
2024-06-08T20:25:11Z,85.0,Charge 5
2024-06-08T20:25:21Z,85.0,Charge 5
2024-06-08T20:25:31Z,84.0,Charge 5
2024-06-08T20:25:46Z,83.0,Charge 5
2024-06-08T20:25:51Z,84.0,Charge 5
2024-06-08T20:26:06Z,84.0,Charge 5
2024-06-08T20:26:21Z,81.0,Charge 5
2024-06-08T20:26:26Z,80.0,Charge 5
2024-06-08T20:26:36Z,81.0,Charge 5
2024-06-08T20:26:41Z,84.0,Charge 5
2024-06-08T20:26:46Z,85.0,Charge 5
2024-06-08T20:26:56Z,84.0,Charge 5
2024-06-08T20:27:01Z,84.0,Charge 5
2024-06-08T20:27:11Z,87.0,Charge 5
2024-06-08T20:27:16Z,86.0,Charge 5
2024-06-08T20:27:21Z,84.0,Charge 5
2024-06-08T20:27:26Z,82.0,Charge 5
2024-06-08T20:27:31Z,80.0,Charge 5
2024-06-08T20:27:41Z,81.0,Charge 5
2024-06-08T20:27:46Z,82.0,Charge 5
2024-06-08T20:27:51Z,86.0,Charge 5
2024-06-08T20:27:56Z,87.0,Charge 5
2024-06-08T20:28:11Z,87.0,Charge 5
2024-06-08T20:28:16Z,86.0,Charge 5
2024-06-08T20:28:21Z,84.0,Charge 5
2024-06-08T20:28:26Z,82.0,Charge 5
2024-06-08T20:28:31Z,83.0,Charge 5
2024-06-08T20:28:36Z,85.0,Charge 5
2024-06-08T20:28:41Z,86.0,Charge 5
2024-06-08T20:28:46Z,86.0,Charge 5
2024-06-08T20:28:51Z,84.0,Charge 5
2024-06-08T20:29:01Z,86.0,Charge 5
2024-06-08T20:29:06Z,87.0,Charge 5
2024-06-08T20:29:11Z,86.0,Charge 5
2024-06-08T20:29:16Z,84.0,Charge 5
2024-06-08T20:29:21Z,84.0,Charge 5
2024-06-08T20:29:26Z,80.0,Charge 5
2024-06-08T20:29:31Z,81.0,Charge 5
2024-06-08T20:29:36Z,83.0,Charge 5
2024-06-08T20:29:41Z,84.0,Charge 5
2024-06-08T20:29:51Z,86.0,Charge 5
2024-06-08T20:29:56Z,85.0,Charge 5
2024-06-08T20:30:01Z,82.0,Charge 5
2024-06-08T20:30:06Z,80.0,Charge 5
2024-06-08T20:30:11Z,79.0,Charge 5
2024-06-08T20:30:26Z,79.0,Charge 5
2024-06-08T20:30:31Z,80.0,Charge 5
2024-06-08T20:30:41Z,81.0,Charge 5
2024-06-08T20:30:46Z,83.0,Charge 5
2024-06-08T20:31:01Z,83.0,Charge 5
2024-06-08T20:31:06Z,83.0,Charge 5
2024-06-08T20:31:11Z,90.0,Charge 5
2024-06-08T20:31:16Z,88.0,Charge 5
2024-06-08T20:31:21Z,86.0,Charge 5
2024-06-08T20:31:26Z,84.0,Charge 5
2024-06-08T20:31:31Z,83.0,Charge 5
2024-06-08T20:31:46Z,82.0,Charge 5
2024-06-08T20:31:51Z,81.0,Charge 5
2024-06-08T20:31:56Z,80.0,Charge 5
2024-06-08T20:32:11Z,81.0,Charge 5
2024-06-08T20:32:16Z,82.0,Charge 5
2024-06-08T20:32:31Z,83.0,Charge 5
2024-06-08T20:32:36Z,82.0,Charge 5
2024-06-08T20:32:51Z,81.0,Charge 5
2024-06-08T20:33:06Z,80.0,Charge 5
2024-06-08T20:33:21Z,78.0,Charge 5
2024-06-08T20:33:31Z,79.0,Charge 5
2024-06-08T20:33:36Z,80.0,Charge 5
2024-06-08T20:33:51Z,80.0,Charge 5
2024-06-08T20:33:56Z,79.0,Charge 5
2024-06-08T20:34:01Z,78.0,Charge 5
2024-06-08T20:34:16Z,78.0,Charge 5
2024-06-08T20:34:21Z,79.0,Charge 5
2024-06-08T20:34:36Z,81.0,Charge 5
2024-06-08T20:34:41Z,86.0,Charge 5
2024-06-08T20:34:46Z,87.0,Charge 5
2024-06-08T20:34:51Z,88.0,Charge 5
2024-06-08T20:34:56Z,92.0,Charge 5
2024-06-08T20:35:01Z,96.0,Charge 5
2024-06-08T20:35:06Z,97.0,Charge 5
2024-06-08T20:35:21Z,97.0,Charge 5
2024-06-08T20:35:36Z,97.0,Charge 5
2024-06-08T20:35:46Z,95.0,Charge 5
2024-06-08T20:35:56Z,94.0,Charge 5
2024-06-08T20:36:11Z,94.0,Charge 5
2024-06-08T20:36:16Z,91.0,Charge 5
2024-06-08T20:36:21Z,89.0,Charge 5
2024-06-08T20:36:26Z,88.0,Charge 5
2024-06-08T20:36:31Z,83.0,Charge 5
2024-06-08T20:36:46Z,83.0,Charge 5
2024-06-08T20:36:51Z,82.0,Charge 5
2024-06-08T20:37:06Z,82.0,Charge 5
2024-06-08T20:37:11Z,83.0,Charge 5
2024-06-08T20:37:16Z,82.0,Charge 5
2024-06-08T20:37:31Z,84.0,Charge 5
2024-06-08T20:37:46Z,85.0,Charge 5
2024-06-08T20:37:56Z,83.0,Charge 5
2024-06-08T20:38:01Z,80.0,Charge 5
2024-06-08T20:38:06Z,80.0,Charge 5
2024-06-08T20:38:11Z,80.0,Charge 5
2024-06-08T20:38:16Z,81.0,Charge 5
2024-06-08T20:38:31Z,81.0,Charge 5
2024-06-08T20:38:36Z,82.0,Charge 5
2024-06-08T20:38:41Z,83.0,Charge 5
2024-06-08T20:38:46Z,83.0,Charge 5
2024-06-08T20:39:01Z,83.0,Charge 5
2024-06-08T20:39:16Z,85.0,Charge 5
2024-06-08T20:39:21Z,86.0,Charge 5
2024-06-08T20:39:36Z,86.0,Charge 5
2024-06-08T20:39:41Z,85.0,Charge 5
2024-06-08T20:39:47Z,84.0,Charge 5
2024-06-08T20:39:57Z,83.0,Charge 5
2024-06-08T20:40:02Z,83.0,Charge 5
2024-06-08T20:40:12Z,82.0,Charge 5
2024-06-08T20:40:27Z,83.0,Charge 5
2024-06-08T20:40:32Z,84.0,Charge 5
2024-06-08T20:40:47Z,85.0,Charge 5
2024-06-08T20:40:57Z,84.0,Charge 5
2024-06-08T20:41:02Z,82.0,Charge 5
2024-06-08T20:41:07Z,77.0,Charge 5
2024-06-08T20:41:17Z,78.0,Charge 5
2024-06-08T20:41:22Z,79.0,Charge 5
2024-06-08T20:41:27Z,78.0,Charge 5
2024-06-08T20:41:42Z,78.0,Charge 5
2024-06-08T20:41:57Z,79.0,Charge 5
2024-06-08T20:42:02Z,81.0,Charge 5
2024-06-08T20:42:12Z,82.0,Charge 5
2024-06-08T20:42:22Z,83.0,Charge 5
2024-06-08T20:42:37Z,83.0,Charge 5
2024-06-08T20:42:52Z,83.0,Charge 5
2024-06-08T20:43:02Z,82.0,Charge 5
2024-06-08T20:43:17Z,83.0,Charge 5
2024-06-08T20:43:22Z,84.0,Charge 5
2024-06-08T20:43:27Z,85.0,Charge 5
2024-06-08T20:43:32Z,83.0,Charge 5
2024-06-08T20:43:37Z,82.0,Charge 5
2024-06-08T20:43:52Z,82.0,Charge 5
2024-06-08T20:43:57Z,82.0,Charge 5
2024-06-08T20:44:02Z,81.0,Charge 5
2024-06-08T20:44:07Z,80.0,Charge 5
2024-06-08T20:44:17Z,81.0,Charge 5
2024-06-08T20:44:22Z,82.0,Charge 5
2024-06-08T20:44:32Z,81.0,Charge 5
2024-06-08T20:44:37Z,80.0,Charge 5
2024-06-08T20:44:42Z,82.0,Charge 5
2024-06-08T20:44:57Z,83.0,Charge 5
2024-06-08T20:45:12Z,83.0,Charge 5
2024-06-08T20:45:17Z,83.0,Charge 5
2024-06-08T20:45:22Z,84.0,Charge 5
2024-06-08T20:45:32Z,85.0,Charge 5
2024-06-08T20:45:37Z,83.0,Charge 5
2024-06-08T20:45:52Z,83.0,Charge 5
2024-06-08T20:45:57Z,84.0,Charge 5
2024-06-08T20:46:12Z,84.0,Charge 5
2024-06-08T20:46:27Z,84.0,Charge 5
2024-06-08T20:46:37Z,85.0,Charge 5
2024-06-08T20:46:42Z,85.0,Charge 5
2024-06-08T20:46:47Z,84.0,Charge 5
2024-06-08T20:46:57Z,85.0,Charge 5
2024-06-08T20:47:02Z,89.0,Charge 5
2024-06-08T20:47:07Z,90.0,Charge 5
2024-06-08T20:47:17Z,90.0,Charge 5
2024-06-08T20:47:27Z,88.0,Charge 5
2024-06-08T20:47:37Z,87.0,Charge 5
2024-06-08T20:47:42Z,87.0,Charge 5
2024-06-08T20:47:47Z,86.0,Charge 5
2024-06-08T20:48:02Z,87.0,Charge 5
2024-06-08T20:48:07Z,88.0,Charge 5
2024-06-08T20:48:12Z,89.0,Charge 5
2024-06-08T20:48:17Z,87.0,Charge 5
2024-06-08T20:48:27Z,87.0,Charge 5
2024-06-08T20:48:42Z,87.0,Charge 5
2024-06-08T20:48:47Z,88.0,Charge 5
2024-06-08T20:48:52Z,87.0,Charge 5
2024-06-08T20:48:57Z,87.0,Charge 5
2024-06-08T20:49:02Z,87.0,Charge 5
2024-06-08T20:49:07Z,86.0,Charge 5
2024-06-08T20:49:12Z,84.0,Charge 5
2024-06-08T20:49:17Z,84.0,Charge 5
2024-06-08T20:49:22Z,83.0,Charge 5
2024-06-08T20:49:32Z,84.0,Charge 5
2024-06-08T20:49:37Z,85.0,Charge 5
2024-06-08T20:49:52Z,85.0,Charge 5
2024-06-08T20:49:57Z,86.0,Charge 5
2024-06-08T20:50:02Z,87.0,Charge 5
2024-06-08T20:50:07Z,86.0,Charge 5
2024-06-08T20:50:12Z,85.0,Charge 5
2024-06-08T20:50:17Z,84.0,Charge 5
2024-06-08T20:50:27Z,83.0,Charge 5
2024-06-08T20:50:32Z,82.0,Charge 5
2024-06-08T20:50:37Z,83.0,Charge 5
2024-06-08T20:50:42Z,83.0,Charge 5
2024-06-08T20:50:47Z,84.0,Charge 5
2024-06-08T20:51:02Z,84.0,Charge 5
2024-06-08T20:51:17Z,85.0,Charge 5
2024-06-08T20:51:27Z,86.0,Charge 5
2024-06-08T20:51:37Z,87.0,Charge 5
2024-06-08T20:51:47Z,88.0,Charge 5
2024-06-08T20:51:52Z,87.0,Charge 5
2024-06-08T20:51:57Z,88.0,Charge 5
2024-06-08T20:52:12Z,88.0,Charge 5
2024-06-08T20:52:17Z,86.0,Charge 5
2024-06-08T20:52:22Z,84.0,Charge 5
2024-06-08T20:52:27Z,83.0,Charge 5
2024-06-08T20:52:37Z,84.0,Charge 5
2024-06-08T20:52:42Z,85.0,Charge 5
2024-06-08T20:52:47Z,86.0,Charge 5
2024-06-08T20:52:52Z,85.0,Charge 5
2024-06-08T20:52:57Z,84.0,Charge 5
2024-06-08T20:53:02Z,80.0,Charge 5
2024-06-08T20:53:07Z,81.0,Charge 5
2024-06-08T20:53:12Z,82.0,Charge 5
2024-06-08T20:53:22Z,84.0,Charge 5
2024-06-08T20:53:32Z,85.0,Charge 5
2024-06-08T20:53:42Z,87.0,Charge 5
2024-06-08T20:53:47Z,88.0,Charge 5
2024-06-08T20:53:52Z,88.0,Charge 5
2024-06-08T20:53:57Z,88.0,Charge 5
2024-06-08T20:54:02Z,87.0,Charge 5
2024-06-08T20:54:12Z,87.0,Charge 5
2024-06-08T20:54:17Z,86.0,Charge 5
2024-06-08T20:54:27Z,86.0,Charge 5
2024-06-08T20:54:32Z,86.0,Charge 5
2024-06-08T20:54:37Z,86.0,Charge 5
2024-06-08T20:54:42Z,87.0,Charge 5
2024-06-08T20:54:50Z,87.0,Charge 5
2024-06-08T20:55:05Z,86.0,Charge 5
2024-06-08T20:55:15Z,85.0,Charge 5
2024-06-08T20:55:25Z,86.0,Charge 5
2024-06-08T20:55:40Z,86.0,Charge 5
2024-06-08T20:55:45Z,84.0,Charge 5
2024-06-08T20:55:55Z,83.0,Charge 5
2024-06-08T20:56:00Z,84.0,Charge 5
2024-06-08T20:56:15Z,84.0,Charge 5
2024-06-08T20:56:20Z,85.0,Charge 5
2024-06-08T20:56:25Z,86.0,Charge 5
2024-06-08T20:56:30Z,85.0,Charge 5
2024-06-08T20:56:35Z,84.0,Charge 5
2024-06-08T20:56:40Z,83.0,Charge 5
2024-06-08T20:56:45Z,81.0,Charge 5
2024-06-08T20:57:00Z,82.0,Charge 5
2024-06-08T20:57:05Z,82.0,Charge 5
2024-06-08T20:57:10Z,82.0,Charge 5
2024-06-08T20:57:15Z,83.0,Charge 5
2024-06-08T20:57:20Z,82.0,Charge 5
2024-06-08T20:57:30Z,83.0,Charge 5
2024-06-08T20:57:35Z,84.0,Charge 5
2024-06-08T20:57:40Z,85.0,Charge 5
2024-06-08T20:57:45Z,86.0,Charge 5
2024-06-08T20:57:50Z,85.0,Charge 5
2024-06-08T20:57:55Z,84.0,Charge 5
2024-06-08T20:58:10Z,84.0,Charge 5
2024-06-08T20:58:15Z,85.0,Charge 5
2024-06-08T20:58:25Z,86.0,Charge 5
2024-06-08T20:58:30Z,85.0,Charge 5
2024-06-08T20:58:45Z,85.0,Charge 5
2024-06-08T20:59:00Z,85.0,Charge 5
2024-06-08T20:59:05Z,83.0,Charge 5
2024-06-08T20:59:10Z,82.0,Charge 5
2024-06-08T20:59:25Z,82.0,Charge 5
2024-06-08T20:59:40Z,82.0,Charge 5
2024-06-08T20:59:45Z,83.0,Charge 5
2024-06-08T20:59:50Z,82.0,Charge 5
2024-06-08T21:00:00Z,83.0,Charge 5
2024-06-08T21:00:10Z,82.0,Charge 5
2024-06-08T21:00:20Z,83.0,Charge 5
2024-06-08T21:00:25Z,84.0,Charge 5
2024-06-08T21:00:40Z,84.0,Charge 5
2024-06-08T21:00:50Z,86.0,Charge 5
2024-06-08T21:00:55Z,86.0,Charge 5
2024-06-08T21:01:00Z,87.0,Charge 5
2024-06-08T21:01:05Z,88.0,Charge 5
2024-06-08T21:01:20Z,89.0,Charge 5
2024-06-08T21:01:35Z,89.0,Charge 5
2024-06-08T21:01:45Z,90.0,Charge 5
2024-06-08T21:02:00Z,91.0,Charge 5
2024-06-08T21:02:10Z,92.0,Charge 5
2024-06-08T21:02:15Z,91.0,Charge 5
2024-06-08T21:02:20Z,89.0,Charge 5
2024-06-08T21:02:25Z,88.0,Charge 5
2024-06-08T21:02:30Z,87.0,Charge 5
2024-06-08T21:02:35Z,85.0,Charge 5
2024-06-08T21:02:40Z,84.0,Charge 5
2024-06-08T21:02:45Z,83.0,Charge 5
2024-06-08T21:02:50Z,82.0,Charge 5
2024-06-08T21:03:05Z,83.0,Charge 5
2024-06-08T21:03:15Z,84.0,Charge 5
2024-06-08T21:03:25Z,86.0,Charge 5
2024-06-08T21:03:35Z,87.0,Charge 5
2024-06-08T21:03:40Z,86.0,Charge 5
2024-06-08T21:03:45Z,87.0,Charge 5
2024-06-08T21:04:00Z,85.0,Charge 5
2024-06-08T21:04:05Z,84.0,Charge 5
2024-06-08T21:04:10Z,86.0,Charge 5
2024-06-08T21:04:15Z,86.0,Charge 5
2024-06-08T21:04:20Z,86.0,Charge 5
2024-06-08T21:04:30Z,85.0,Charge 5
2024-06-08T21:04:40Z,85.0,Charge 5
2024-06-08T21:04:45Z,85.0,Charge 5
2024-06-08T21:04:50Z,84.0,Charge 5
2024-06-08T21:05:00Z,83.0,Charge 5
2024-06-08T21:05:15Z,84.0,Charge 5
2024-06-08T21:05:30Z,83.0,Charge 5
2024-06-08T21:05:40Z,82.0,Charge 5
2024-06-08T21:05:55Z,84.0,Charge 5
2024-06-08T21:06:10Z,84.0,Charge 5
2024-06-08T21:06:15Z,84.0,Charge 5
2024-06-08T21:06:25Z,84.0,Charge 5
2024-06-08T21:06:40Z,83.0,Charge 5
2024-06-08T21:06:50Z,84.0,Charge 5
2024-06-08T21:06:55Z,83.0,Charge 5
2024-06-08T21:07:10Z,83.0,Charge 5
2024-06-08T21:07:15Z,84.0,Charge 5
2024-06-08T21:07:25Z,83.0,Charge 5
2024-06-08T21:07:30Z,83.0,Charge 5
2024-06-08T21:07:35Z,84.0,Charge 5
2024-06-08T21:07:50Z,83.0,Charge 5
2024-06-08T21:07:55Z,84.0,Charge 5
2024-06-08T21:08:00Z,87.0,Charge 5
2024-06-08T21:08:05Z,88.0,Charge 5
2024-06-08T21:08:10Z,86.0,Charge 5
2024-06-08T21:08:15Z,84.0,Charge 5
2024-06-08T21:08:20Z,82.0,Charge 5
2024-06-08T21:08:25Z,84.0,Charge 5
2024-06-08T21:08:30Z,85.0,Charge 5
2024-06-08T21:08:40Z,84.0,Charge 5
2024-06-08T21:08:50Z,84.0,Charge 5
2024-06-08T21:09:00Z,85.0,Charge 5
2024-06-08T21:09:05Z,88.0,Charge 5
2024-06-08T21:09:10Z,89.0,Charge 5
2024-06-08T21:09:20Z,86.0,Charge 5
2024-06-08T21:09:25Z,84.0,Charge 5
2024-06-08T21:09:30Z,83.0,Charge 5
2024-06-08T21:09:35Z,83.0,Charge 5
2024-06-08T21:09:40Z,82.0,Charge 5
2024-06-08T21:09:45Z,82.0,Charge 5
2024-06-08T21:09:58Z,83.0,Charge 5
2024-06-08T21:10:13Z,83.0,Charge 5
2024-06-08T21:10:18Z,84.0,Charge 5
2024-06-08T21:10:23Z,85.0,Charge 5
2024-06-08T21:10:28Z,87.0,Charge 5
2024-06-08T21:10:33Z,89.0,Charge 5
2024-06-08T21:10:43Z,88.0,Charge 5
2024-06-08T21:10:48Z,87.0,Charge 5
2024-06-08T21:10:58Z,88.0,Charge 5
2024-06-08T21:11:03Z,87.0,Charge 5
2024-06-08T21:11:08Z,86.0,Charge 5
2024-06-08T21:11:18Z,85.0,Charge 5
2024-06-08T21:11:23Z,84.0,Charge 5
2024-06-08T21:11:33Z,83.0,Charge 5
2024-06-08T21:11:38Z,84.0,Charge 5
2024-06-08T21:11:43Z,85.0,Charge 5
2024-06-08T21:11:58Z,85.0,Charge 5
2024-06-08T21:12:03Z,87.0,Charge 5
2024-06-08T21:12:08Z,88.0,Charge 5
2024-06-08T21:12:13Z,88.0,Charge 5
2024-06-08T21:12:23Z,90.0,Charge 5
2024-06-08T21:12:28Z,89.0,Charge 5
2024-06-08T21:12:33Z,86.0,Charge 5
2024-06-08T21:12:43Z,87.0,Charge 5
2024-06-08T21:12:58Z,86.0,Charge 5
2024-06-08T21:13:03Z,85.0,Charge 5
2024-06-08T21:13:18Z,85.0,Charge 5
2024-06-08T21:13:23Z,86.0,Charge 5
2024-06-08T21:13:28Z,85.0,Charge 5
2024-06-08T21:13:38Z,84.0,Charge 5
2024-06-08T21:13:43Z,82.0,Charge 5
2024-06-08T21:13:48Z,83.0,Charge 5
2024-06-08T21:13:53Z,84.0,Charge 5
2024-06-08T21:13:58Z,81.0,Charge 5
2024-06-08T21:14:03Z,80.0,Charge 5
2024-06-08T21:14:18Z,81.0,Charge 5
2024-06-08T21:14:33Z,81.0,Charge 5
2024-06-08T21:14:38Z,81.0,Charge 5
2024-06-08T21:14:48Z,83.0,Charge 5
2024-06-08T21:14:53Z,87.0,Charge 5
2024-06-08T21:14:58Z,89.0,Charge 5
2024-06-08T21:15:03Z,90.0,Charge 5
2024-06-08T21:15:08Z,88.0,Charge 5
2024-06-08T21:15:13Z,87.0,Charge 5
2024-06-08T21:15:18Z,86.0,Charge 5
2024-06-08T21:15:28Z,87.0,Charge 5
2024-06-08T21:15:38Z,87.0,Charge 5
2024-06-08T21:15:48Z,86.0,Charge 5
2024-06-08T21:15:53Z,86.0,Charge 5
2024-06-08T21:16:03Z,85.0,Charge 5
2024-06-08T21:16:08Z,84.0,Charge 5
2024-06-08T21:16:23Z,85.0,Charge 5
2024-06-08T21:16:33Z,86.0,Charge 5
2024-06-08T21:16:38Z,85.0,Charge 5
2024-06-08T21:16:43Z,85.0,Charge 5
2024-06-08T21:16:48Z,86.0,Charge 5
2024-06-08T21:16:53Z,87.0,Charge 5
2024-06-08T21:17:08Z,87.0,Charge 5
2024-06-08T21:17:23Z,88.0,Charge 5
2024-06-08T21:17:38Z,88.0,Charge 5
2024-06-08T21:17:43Z,88.0,Charge 5
2024-06-08T21:17:48Z,88.0,Charge 5
2024-06-08T21:17:58Z,87.0,Charge 5
2024-06-08T21:18:13Z,85.0,Charge 5
2024-06-08T21:18:28Z,85.0,Charge 5
2024-06-08T21:18:43Z,87.0,Charge 5
2024-06-08T21:18:48Z,89.0,Charge 5
2024-06-08T21:19:03Z,89.0,Charge 5
2024-06-08T21:19:18Z,89.0,Charge 5
2024-06-08T21:19:33Z,89.0,Charge 5
2024-06-08T21:19:48Z,89.0,Charge 5
2024-06-08T21:20:03Z,89.0,Charge 5
2024-06-08T21:20:13Z,88.0,Charge 5
2024-06-08T21:20:18Z,86.0,Charge 5
2024-06-08T21:20:23Z,86.0,Charge 5
2024-06-08T21:20:33Z,85.0,Charge 5
2024-06-08T21:20:38Z,83.0,Charge 5
2024-06-08T21:20:53Z,83.0,Charge 5
2024-06-08T21:21:08Z,83.0,Charge 5
2024-06-08T21:21:23Z,83.0,Charge 5
2024-06-08T21:21:33Z,84.0,Charge 5
2024-06-08T21:21:38Z,84.0,Charge 5
2024-06-08T21:21:48Z,85.0,Charge 5
2024-06-08T21:21:58Z,86.0,Charge 5
2024-06-08T21:22:13Z,87.0,Charge 5
2024-06-08T21:22:23Z,87.0,Charge 5
2024-06-08T21:22:38Z,87.0,Charge 5
2024-06-08T21:22:53Z,87.0,Charge 5
2024-06-08T21:23:03Z,87.0,Charge 5
2024-06-08T21:23:18Z,87.0,Charge 5
2024-06-08T21:23:23Z,88.0,Charge 5
2024-06-08T21:23:38Z,88.0,Charge 5
2024-06-08T21:23:53Z,88.0,Charge 5
2024-06-08T21:23:58Z,80.0,Charge 5
2024-06-08T21:24:03Z,78.0,Charge 5
2024-06-08T21:24:08Z,80.0,Charge 5
2024-06-08T21:24:23Z,81.0,Charge 5
2024-06-08T21:24:33Z,82.0,Charge 5
2024-06-08T21:24:38Z,86.0,Charge 5
2024-06-08T21:24:53Z,86.0,Charge 5
2024-06-08T21:24:58Z,86.0,Charge 5
2024-06-08T21:25:02Z,86.0,Charge 5
2024-06-08T21:25:17Z,86.0,Charge 5
2024-06-08T21:25:32Z,86.0,Charge 5
2024-06-08T21:25:37Z,86.0,Charge 5
2024-06-08T21:25:52Z,86.0,Charge 5
2024-06-08T21:25:57Z,89.0,Charge 5
2024-06-08T21:26:02Z,89.0,Charge 5
2024-06-08T21:26:07Z,90.0,Charge 5
2024-06-08T21:26:22Z,90.0,Charge 5
2024-06-08T21:26:27Z,90.0,Charge 5
2024-06-08T21:26:42Z,89.0,Charge 5
2024-06-08T21:26:47Z,88.0,Charge 5
2024-06-08T21:27:02Z,88.0,Charge 5
2024-06-08T21:27:07Z,87.0,Charge 5
2024-06-08T21:27:22Z,88.0,Charge 5
2024-06-08T21:27:32Z,91.0,Charge 5
2024-06-08T21:27:37Z,95.0,Charge 5
2024-06-08T21:27:42Z,91.0,Charge 5
2024-06-08T21:27:47Z,90.0,Charge 5
2024-06-08T21:27:52Z,89.0,Charge 5
2024-06-08T21:28:02Z,90.0,Charge 5
2024-06-08T21:28:07Z,92.0,Charge 5
2024-06-08T21:28:12Z,93.0,Charge 5
2024-06-08T21:28:22Z,91.0,Charge 5
2024-06-08T21:28:27Z,89.0,Charge 5
2024-06-08T21:28:42Z,88.0,Charge 5
2024-06-08T21:28:52Z,88.0,Charge 5
2024-06-08T21:28:57Z,88.0,Charge 5
2024-06-08T21:29:07Z,89.0,Charge 5
2024-06-08T21:29:12Z,89.0,Charge 5
2024-06-08T21:29:17Z,88.0,Charge 5
2024-06-08T21:29:32Z,88.0,Charge 5
2024-06-08T21:29:47Z,88.0,Charge 5
2024-06-08T21:30:02Z,88.0,Charge 5
2024-06-08T21:30:17Z,89.0,Charge 5
2024-06-08T21:30:22Z,88.0,Charge 5
2024-06-08T21:30:37Z,87.0,Charge 5
2024-06-08T21:30:42Z,86.0,Charge 5
2024-06-08T21:30:52Z,85.0,Charge 5
2024-06-08T21:31:02Z,84.0,Charge 5
2024-06-08T21:31:12Z,85.0,Charge 5
2024-06-08T21:31:17Z,86.0,Charge 5
2024-06-08T21:31:22Z,85.0,Charge 5
2024-06-08T21:31:27Z,83.0,Charge 5
2024-06-08T21:31:42Z,83.0,Charge 5
2024-06-08T21:31:57Z,83.0,Charge 5
2024-06-08T21:32:02Z,82.0,Charge 5
2024-06-08T21:32:07Z,81.0,Charge 5
2024-06-08T21:32:22Z,81.0,Charge 5
2024-06-08T21:32:37Z,82.0,Charge 5
2024-06-08T21:32:52Z,82.0,Charge 5
2024-06-08T21:33:07Z,82.0,Charge 5
2024-06-08T21:33:22Z,82.0,Charge 5
2024-06-08T21:33:37Z,82.0,Charge 5
2024-06-08T21:33:42Z,82.0,Charge 5
2024-06-08T21:33:47Z,83.0,Charge 5
2024-06-08T21:33:52Z,84.0,Charge 5
2024-06-08T21:33:57Z,86.0,Charge 5
2024-06-08T21:34:12Z,86.0,Charge 5
2024-06-08T21:34:27Z,86.0,Charge 5
2024-06-08T21:34:42Z,86.0,Charge 5
2024-06-08T21:34:57Z,86.0,Charge 5
2024-06-08T21:35:12Z,86.0,Charge 5
2024-06-08T21:35:17Z,86.0,Charge 5
2024-06-08T21:35:27Z,86.0,Charge 5
2024-06-08T21:35:37Z,85.0,Charge 5
2024-06-08T21:35:42Z,86.0,Charge 5
2024-06-08T21:35:57Z,86.0,Charge 5
2024-06-08T21:36:12Z,86.0,Charge 5
2024-06-08T21:36:22Z,87.0,Charge 5
2024-06-08T21:36:32Z,87.0,Charge 5
2024-06-08T21:36:37Z,85.0,Charge 5
2024-06-08T21:36:47Z,85.0,Charge 5
2024-06-08T21:36:52Z,84.0,Charge 5
2024-06-08T21:36:57Z,85.0,Charge 5
2024-06-08T21:37:12Z,85.0,Charge 5
2024-06-08T21:37:27Z,85.0,Charge 5
2024-06-08T21:37:42Z,85.0,Charge 5
2024-06-08T21:37:52Z,83.0,Charge 5
2024-06-08T21:37:57Z,82.0,Charge 5
2024-06-08T21:38:07Z,83.0,Charge 5
2024-06-08T21:38:12Z,83.0,Charge 5
2024-06-08T21:38:17Z,85.0,Charge 5
2024-06-08T21:38:22Z,86.0,Charge 5
2024-06-08T21:38:27Z,88.0,Charge 5
2024-06-08T21:38:32Z,88.0,Charge 5
2024-06-08T21:38:47Z,88.0,Charge 5
2024-06-08T21:39:02Z,88.0,Charge 5
2024-06-08T21:39:17Z,88.0,Charge 5
2024-06-08T21:39:22Z,89.0,Charge 5
2024-06-08T21:39:27Z,91.0,Charge 5
2024-06-08T21:39:37Z,90.0,Charge 5
2024-06-08T21:39:47Z,89.0,Charge 5
2024-06-08T21:40:03Z,89.0,Charge 5
2024-06-08T21:40:09Z,89.0,Charge 5
2024-06-08T21:40:19Z,88.0,Charge 5
2024-06-08T21:40:34Z,88.0,Charge 5
2024-06-08T21:40:49Z,88.0,Charge 5
2024-06-08T21:40:54Z,87.0,Charge 5
2024-06-08T21:40:59Z,87.0,Charge 5
2024-06-08T21:41:14Z,88.0,Charge 5
2024-06-08T21:41:24Z,87.0,Charge 5
2024-06-08T21:41:34Z,88.0,Charge 5
2024-06-08T21:41:49Z,88.0,Charge 5
2024-06-08T21:42:04Z,89.0,Charge 5
2024-06-08T21:42:09Z,91.0,Charge 5
2024-06-08T21:42:14Z,92.0,Charge 5
2024-06-08T21:42:24Z,91.0,Charge 5
2024-06-08T21:42:29Z,90.0,Charge 5
2024-06-08T21:42:44Z,92.0,Charge 5
2024-06-08T21:42:49Z,93.0,Charge 5
2024-06-08T21:42:54Z,95.0,Charge 5
2024-06-08T21:43:09Z,95.0,Charge 5
2024-06-08T21:43:19Z,94.0,Charge 5
2024-06-08T21:43:29Z,93.0,Charge 5
2024-06-08T21:43:44Z,93.0,Charge 5
2024-06-08T21:43:49Z,89.0,Charge 5
2024-06-08T21:43:54Z,86.0,Charge 5
2024-06-08T21:43:59Z,85.0,Charge 5
2024-06-08T21:44:14Z,86.0,Charge 5
2024-06-08T21:44:29Z,86.0,Charge 5
2024-06-08T21:44:34Z,87.0,Charge 5
2024-06-08T21:44:49Z,87.0,Charge 5
2024-06-08T21:44:59Z,88.0,Charge 5
2024-06-08T21:45:04Z,87.0,Charge 5
2024-06-08T21:45:19Z,86.0,Charge 5
2024-06-08T21:45:24Z,85.0,Charge 5
2024-06-08T21:45:39Z,85.0,Charge 5
2024-06-08T21:45:44Z,84.0,Charge 5
2024-06-08T21:45:49Z,83.0,Charge 5
2024-06-08T21:46:04Z,83.0,Charge 5
2024-06-08T21:46:19Z,84.0,Charge 5
2024-06-08T21:46:29Z,83.0,Charge 5
2024-06-08T21:46:44Z,83.0,Charge 5
2024-06-08T21:46:49Z,84.0,Charge 5
2024-06-08T21:47:04Z,84.0,Charge 5
2024-06-08T21:47:09Z,85.0,Charge 5
2024-06-08T21:47:24Z,85.0,Charge 5
2024-06-08T21:47:39Z,85.0,Charge 5
2024-06-08T21:47:54Z,85.0,Charge 5
2024-06-08T21:48:04Z,85.0,Charge 5
2024-06-08T21:48:09Z,85.0,Charge 5
2024-06-08T21:48:24Z,85.0,Charge 5
2024-06-08T21:48:34Z,85.0,Charge 5
2024-06-08T21:48:49Z,85.0,Charge 5
2024-06-08T21:49:04Z,85.0,Charge 5
2024-06-08T21:49:19Z,85.0,Charge 5
2024-06-08T21:49:34Z,85.0,Charge 5
2024-06-08T21:49:39Z,86.0,Charge 5
2024-06-08T21:49:54Z,86.0,Charge 5
2024-06-08T21:49:59Z,85.0,Charge 5
2024-06-08T21:50:14Z,85.0,Charge 5
2024-06-08T21:50:24Z,85.0,Charge 5
2024-06-08T21:50:29Z,85.0,Charge 5
2024-06-08T21:50:34Z,84.0,Charge 5
2024-06-08T21:50:44Z,84.0,Charge 5
2024-06-08T21:50:54Z,83.0,Charge 5
2024-06-08T21:51:04Z,85.0,Charge 5
2024-06-08T21:51:09Z,84.0,Charge 5
2024-06-08T21:51:24Z,83.0,Charge 5
2024-06-08T21:51:39Z,84.0,Charge 5
2024-06-08T21:51:49Z,84.0,Charge 5
2024-06-08T21:51:54Z,85.0,Charge 5
2024-06-08T21:52:04Z,85.0,Charge 5
2024-06-08T21:52:09Z,84.0,Charge 5
2024-06-08T21:52:19Z,84.0,Charge 5
2024-06-08T21:52:34Z,85.0,Charge 5
2024-06-08T21:52:44Z,87.0,Charge 5
2024-06-08T21:52:49Z,86.0,Charge 5
2024-06-08T21:52:54Z,85.0,Charge 5
2024-06-08T21:52:59Z,83.0,Charge 5
2024-06-08T21:53:04Z,83.0,Charge 5
2024-06-08T21:53:14Z,82.0,Charge 5
2024-06-08T21:53:19Z,83.0,Charge 5
2024-06-08T21:53:29Z,84.0,Charge 5
2024-06-08T21:53:34Z,83.0,Charge 5
2024-06-08T21:53:44Z,82.0,Charge 5
2024-06-08T21:53:49Z,82.0,Charge 5
2024-06-08T21:53:59Z,83.0,Charge 5
2024-06-08T21:54:04Z,84.0,Charge 5
2024-06-08T21:54:19Z,84.0,Charge 5
2024-06-08T21:54:29Z,85.0,Charge 5
2024-06-08T21:54:39Z,86.0,Charge 5
2024-06-08T21:54:54Z,86.0,Charge 5
2024-06-08T21:55:10Z,86.0,Charge 5
2024-06-08T21:55:15Z,86.0,Charge 5
2024-06-08T21:55:30Z,86.0,Charge 5
2024-06-08T21:55:45Z,86.0,Charge 5
2024-06-08T21:56:00Z,86.0,Charge 5
2024-06-08T21:56:10Z,87.0,Charge 5
2024-06-08T21:56:15Z,86.0,Charge 5
2024-06-08T21:56:25Z,87.0,Charge 5
2024-06-08T21:56:40Z,87.0,Charge 5
2024-06-08T21:56:55Z,87.0,Charge 5
2024-06-08T21:57:10Z,87.0,Charge 5
2024-06-08T21:57:25Z,86.0,Charge 5
2024-06-08T21:57:40Z,86.0,Charge 5
2024-06-08T21:57:55Z,86.0,Charge 5
2024-06-08T21:58:10Z,86.0,Charge 5
2024-06-08T21:58:25Z,85.0,Charge 5
2024-06-08T21:58:40Z,84.0,Charge 5
2024-06-08T21:58:45Z,84.0,Charge 5
2024-06-08T21:58:50Z,83.0,Charge 5
2024-06-08T21:59:00Z,83.0,Charge 5
2024-06-08T21:59:05Z,82.0,Charge 5
2024-06-08T21:59:10Z,81.0,Charge 5
2024-06-08T21:59:15Z,81.0,Charge 5
2024-06-08T21:59:25Z,83.0,Charge 5
2024-06-08T21:59:30Z,82.0,Charge 5
2024-06-08T21:59:35Z,82.0,Charge 5
2024-06-08T21:59:45Z,85.0,Charge 5
2024-06-08T21:59:50Z,86.0,Charge 5
2024-06-08T21:59:55Z,90.0,Charge 5
2024-06-08T22:00:00Z,91.0,Charge 5
2024-06-08T22:00:05Z,92.0,Charge 5
2024-06-08T22:00:20Z,92.0,Charge 5
2024-06-08T22:00:25Z,90.0,Charge 5
2024-06-08T22:00:30Z,89.0,Charge 5
2024-06-08T22:00:35Z,90.0,Charge 5
2024-06-08T22:00:45Z,89.0,Charge 5
2024-06-08T22:00:50Z,87.0,Charge 5
2024-06-08T22:00:55Z,87.0,Charge 5
2024-06-08T22:01:00Z,86.0,Charge 5
2024-06-08T22:01:10Z,85.0,Charge 5
2024-06-08T22:01:20Z,85.0,Charge 5
2024-06-08T22:01:25Z,83.0,Charge 5
2024-06-08T22:01:30Z,84.0,Charge 5
2024-06-08T22:01:35Z,82.0,Charge 5
2024-06-08T22:01:40Z,81.0,Charge 5
2024-06-08T22:01:45Z,80.0,Charge 5
2024-06-08T22:02:00Z,80.0,Charge 5
2024-06-08T22:02:05Z,81.0,Charge 5
2024-06-08T22:02:10Z,82.0,Charge 5
2024-06-08T22:02:20Z,82.0,Charge 5
2024-06-08T22:02:25Z,82.0,Charge 5
2024-06-08T22:02:30Z,83.0,Charge 5
2024-06-08T22:02:35Z,83.0,Charge 5
2024-06-08T22:02:40Z,83.0,Charge 5
2024-06-08T22:02:45Z,82.0,Charge 5
2024-06-08T22:02:50Z,83.0,Charge 5
2024-06-08T22:02:55Z,84.0,Charge 5
2024-06-08T22:03:00Z,85.0,Charge 5
2024-06-08T22:03:05Z,86.0,Charge 5
2024-06-08T22:03:10Z,85.0,Charge 5
2024-06-08T22:03:25Z,85.0,Charge 5
2024-06-08T22:03:30Z,84.0,Charge 5
2024-06-08T22:03:35Z,84.0,Charge 5
2024-06-08T22:03:50Z,84.0,Charge 5
2024-06-08T22:04:00Z,85.0,Charge 5
2024-06-08T22:04:05Z,85.0,Charge 5
2024-06-08T22:04:10Z,86.0,Charge 5
2024-06-08T22:04:25Z,87.0,Charge 5
2024-06-08T22:04:40Z,88.0,Charge 5
2024-06-08T22:04:50Z,88.0,Charge 5
2024-06-08T22:04:55Z,87.0,Charge 5
2024-06-08T22:05:00Z,86.0,Charge 5
2024-06-08T22:05:15Z,85.0,Charge 5
2024-06-08T22:05:20Z,84.0,Charge 5
2024-06-08T22:05:25Z,84.0,Charge 5
2024-06-08T22:05:40Z,84.0,Charge 5
2024-06-08T22:05:55Z,84.0,Charge 5
2024-06-08T22:06:05Z,83.0,Charge 5
2024-06-08T22:06:20Z,83.0,Charge 5
2024-06-08T22:06:35Z,83.0,Charge 5
2024-06-08T22:06:45Z,83.0,Charge 5
2024-06-08T22:06:50Z,83.0,Charge 5
2024-06-08T22:07:00Z,83.0,Charge 5
2024-06-08T22:07:05Z,84.0,Charge 5
2024-06-08T22:07:20Z,84.0,Charge 5
2024-06-08T22:07:25Z,83.0,Charge 5
2024-06-08T22:07:40Z,83.0,Charge 5
2024-06-08T22:07:50Z,81.0,Charge 5
2024-06-08T22:07:55Z,77.0,Charge 5
2024-06-08T22:08:05Z,78.0,Charge 5
2024-06-08T22:08:20Z,77.0,Charge 5
2024-06-08T22:08:25Z,76.0,Charge 5
2024-06-08T22:08:30Z,75.0,Charge 5
2024-06-08T22:08:45Z,75.0,Charge 5
2024-06-08T22:09:00Z,75.0,Charge 5
2024-06-08T22:09:05Z,74.0,Charge 5
2024-06-08T22:09:10Z,73.0,Charge 5
2024-06-08T22:09:25Z,73.0,Charge 5
2024-06-08T22:09:30Z,74.0,Charge 5
2024-06-08T22:09:35Z,73.0,Charge 5
2024-06-08T22:09:50Z,73.0,Charge 5
2024-06-08T22:10:05Z,73.0,Charge 5
2024-06-08T22:10:10Z,72.0,Charge 5
2024-06-08T22:10:18Z,71.0,Charge 5
2024-06-08T22:10:23Z,68.0,Charge 5
2024-06-08T22:10:28Z,67.0,Charge 5
2024-06-08T22:10:38Z,68.0,Charge 5
2024-06-08T22:10:43Z,67.0,Charge 5
2024-06-08T22:10:48Z,65.0,Charge 5
2024-06-08T22:10:53Z,64.0,Charge 5
2024-06-08T22:11:03Z,64.0,Charge 5
2024-06-08T22:11:18Z,64.0,Charge 5
2024-06-08T22:11:23Z,65.0,Charge 5
2024-06-08T22:11:28Z,66.0,Charge 5
2024-06-08T22:11:33Z,67.0,Charge 5
2024-06-08T22:11:38Z,68.0,Charge 5
2024-06-08T22:11:43Z,69.0,Charge 5
2024-06-08T22:11:58Z,69.0,Charge 5
2024-06-08T22:12:03Z,70.0,Charge 5
2024-06-08T22:12:08Z,71.0,Charge 5
2024-06-08T22:12:13Z,74.0,Charge 5
2024-06-08T22:12:18Z,81.0,Charge 5
2024-06-08T22:12:23Z,81.0,Charge 5
2024-06-08T22:12:33Z,80.0,Charge 5
2024-06-08T22:12:43Z,81.0,Charge 5
2024-06-08T22:12:48Z,79.0,Charge 5
2024-06-08T22:12:53Z,80.0,Charge 5
2024-06-08T22:12:58Z,81.0,Charge 5
2024-06-08T22:13:08Z,82.0,Charge 5
2024-06-08T22:13:13Z,83.0,Charge 5
2024-06-08T22:13:18Z,83.0,Charge 5
2024-06-08T22:13:23Z,84.0,Charge 5
2024-06-08T22:13:33Z,84.0,Charge 5
2024-06-08T22:13:38Z,83.0,Charge 5
2024-06-08T22:13:43Z,83.0,Charge 5
2024-06-08T22:13:53Z,84.0,Charge 5
2024-06-08T22:13:58Z,85.0,Charge 5
2024-06-08T22:14:08Z,85.0,Charge 5
2024-06-08T22:14:13Z,84.0,Charge 5
2024-06-08T22:14:23Z,83.0,Charge 5
2024-06-08T22:14:28Z,83.0,Charge 5
2024-06-08T22:14:33Z,82.0,Charge 5
2024-06-08T22:14:38Z,82.0,Charge 5
2024-06-08T22:14:43Z,82.0,Charge 5
2024-06-08T22:14:48Z,81.0,Charge 5
2024-06-08T22:14:53Z,81.0,Charge 5
2024-06-08T22:14:58Z,82.0,Charge 5
2024-06-08T22:15:08Z,83.0,Charge 5
2024-06-08T22:15:18Z,84.0,Charge 5
2024-06-08T22:15:23Z,83.0,Charge 5
2024-06-08T22:15:28Z,81.0,Charge 5
2024-06-08T22:15:33Z,80.0,Charge 5
2024-06-08T22:15:38Z,80.0,Charge 5
2024-06-08T22:15:43Z,81.0,Charge 5
2024-06-08T22:15:48Z,81.0,Charge 5
2024-06-08T22:15:58Z,83.0,Charge 5
2024-06-08T22:16:13Z,83.0,Charge 5
2024-06-08T22:16:18Z,83.0,Charge 5
2024-06-08T22:16:23Z,85.0,Charge 5
2024-06-08T22:16:28Z,88.0,Charge 5
2024-06-08T22:16:38Z,86.0,Charge 5
2024-06-08T22:16:43Z,85.0,Charge 5
2024-06-08T22:16:58Z,86.0,Charge 5
2024-06-08T22:17:13Z,85.0,Charge 5
2024-06-08T22:17:18Z,84.0,Charge 5
2024-06-08T22:17:23Z,84.0,Charge 5
2024-06-08T22:17:28Z,83.0,Charge 5
2024-06-08T22:17:33Z,82.0,Charge 5
2024-06-08T22:17:38Z,82.0,Charge 5
2024-06-08T22:17:43Z,82.0,Charge 5
2024-06-08T22:17:58Z,83.0,Charge 5
2024-06-08T22:18:03Z,84.0,Charge 5
2024-06-08T22:18:08Z,83.0,Charge 5
2024-06-08T22:18:13Z,82.0,Charge 5
2024-06-08T22:18:18Z,81.0,Charge 5
2024-06-08T22:18:33Z,80.0,Charge 5
2024-06-08T22:18:38Z,80.0,Charge 5
2024-06-08T22:18:43Z,81.0,Charge 5
2024-06-08T22:18:48Z,82.0,Charge 5
2024-06-08T22:18:58Z,83.0,Charge 5
2024-06-08T22:19:03Z,83.0,Charge 5
2024-06-08T22:19:08Z,83.0,Charge 5
2024-06-08T22:19:13Z,84.0,Charge 5
2024-06-08T22:19:23Z,84.0,Charge 5
2024-06-08T22:19:28Z,83.0,Charge 5
2024-06-08T22:19:43Z,83.0,Charge 5
2024-06-08T22:19:48Z,82.0,Charge 5
2024-06-08T22:19:53Z,82.0,Charge 5
2024-06-08T22:19:58Z,83.0,Charge 5
2024-06-08T22:20:03Z,84.0,Charge 5
2024-06-08T22:20:18Z,85.0,Charge 5
2024-06-08T22:20:23Z,87.0,Charge 5
2024-06-08T22:20:28Z,87.0,Charge 5
2024-06-08T22:20:43Z,83.0,Charge 5
2024-06-08T22:20:48Z,81.0,Charge 5
2024-06-08T22:21:03Z,82.0,Charge 5
2024-06-08T22:21:13Z,82.0,Charge 5
2024-06-08T22:21:28Z,83.0,Charge 5
2024-06-08T22:21:33Z,82.0,Charge 5
2024-06-08T22:21:38Z,82.0,Charge 5
2024-06-08T22:21:53Z,82.0,Charge 5
2024-06-08T22:22:08Z,83.0,Charge 5
2024-06-08T22:22:13Z,83.0,Charge 5
2024-06-08T22:22:23Z,83.0,Charge 5
2024-06-08T22:22:33Z,82.0,Charge 5
2024-06-08T22:22:43Z,82.0,Charge 5
2024-06-08T22:22:58Z,84.0,Charge 5
2024-06-08T22:23:13Z,84.0,Charge 5
2024-06-08T22:23:28Z,84.0,Charge 5
2024-06-08T22:23:43Z,84.0,Charge 5
2024-06-08T22:23:58Z,84.0,Charge 5
2024-06-08T22:24:03Z,84.0,Charge 5
2024-06-08T22:24:13Z,83.0,Charge 5
2024-06-08T22:24:28Z,83.0,Charge 5
2024-06-08T22:24:43Z,83.0,Charge 5
2024-06-08T22:24:58Z,84.0,Charge 5
2024-06-08T22:25:13Z,84.0,Charge 5
2024-06-08T22:25:18Z,85.0,Charge 5
2024-06-08T22:25:25Z,85.0,Charge 5
2024-06-08T22:25:40Z,85.0,Charge 5
2024-06-08T22:25:55Z,86.0,Charge 5
2024-06-08T22:26:05Z,87.0,Charge 5
2024-06-08T22:26:20Z,86.0,Charge 5
2024-06-08T22:26:30Z,85.0,Charge 5
2024-06-08T22:26:35Z,86.0,Charge 5
2024-06-08T22:26:40Z,87.0,Charge 5
2024-06-08T22:26:45Z,88.0,Charge 5
2024-06-08T22:26:55Z,87.0,Charge 5
2024-06-08T22:27:10Z,87.0,Charge 5
2024-06-08T22:27:15Z,86.0,Charge 5
2024-06-08T22:27:30Z,87.0,Charge 5
2024-06-08T22:27:35Z,86.0,Charge 5
2024-06-08T22:27:45Z,86.0,Charge 5
2024-06-08T22:27:55Z,86.0,Charge 5
2024-06-08T22:28:00Z,85.0,Charge 5
2024-06-08T22:28:10Z,84.0,Charge 5
2024-06-08T22:28:15Z,85.0,Charge 5
2024-06-08T22:28:20Z,84.0,Charge 5
2024-06-08T22:28:25Z,84.0,Charge 5
2024-06-08T22:28:30Z,84.0,Charge 5
2024-06-08T22:28:35Z,85.0,Charge 5
2024-06-08T22:28:40Z,85.0,Charge 5
2024-06-08T22:28:50Z,85.0,Charge 5
2024-06-08T22:28:55Z,86.0,Charge 5
2024-06-08T22:29:05Z,87.0,Charge 5
2024-06-08T22:29:10Z,87.0,Charge 5
2024-06-08T22:29:15Z,89.0,Charge 5
2024-06-08T22:29:20Z,89.0,Charge 5
2024-06-08T22:29:25Z,87.0,Charge 5
2024-06-08T22:29:30Z,86.0,Charge 5
2024-06-08T22:29:40Z,86.0,Charge 5
2024-06-08T22:29:55Z,86.0,Charge 5
2024-06-08T22:30:00Z,86.0,Charge 5
2024-06-08T22:30:15Z,85.0,Charge 5
2024-06-08T22:30:20Z,84.0,Charge 5
2024-06-08T22:30:25Z,83.0,Charge 5
2024-06-08T22:30:30Z,83.0,Charge 5
2024-06-08T22:30:35Z,84.0,Charge 5
2024-06-08T22:30:50Z,83.0,Charge 5
2024-06-08T22:31:05Z,83.0,Charge 5
2024-06-08T22:31:10Z,85.0,Charge 5
2024-06-08T22:31:15Z,86.0,Charge 5
2024-06-08T22:31:30Z,86.0,Charge 5
2024-06-08T22:31:35Z,86.0,Charge 5
2024-06-08T22:31:40Z,86.0,Charge 5
2024-06-08T22:31:45Z,87.0,Charge 5
2024-06-08T22:31:50Z,86.0,Charge 5
2024-06-08T22:31:55Z,87.0,Charge 5
2024-06-08T22:32:00Z,88.0,Charge 5
2024-06-08T22:32:15Z,88.0,Charge 5
2024-06-08T22:32:20Z,87.0,Charge 5
2024-06-08T22:32:25Z,85.0,Charge 5
2024-06-08T22:32:30Z,85.0,Charge 5
2024-06-08T22:32:45Z,85.0,Charge 5
2024-06-08T22:32:55Z,84.0,Charge 5
2024-06-08T22:33:10Z,85.0,Charge 5
2024-06-08T22:33:25Z,85.0,Charge 5
2024-06-08T22:33:30Z,86.0,Charge 5
2024-06-08T22:33:45Z,86.0,Charge 5
2024-06-08T22:33:55Z,85.0,Charge 5
2024-06-08T22:34:10Z,84.0,Charge 5
2024-06-08T22:34:25Z,84.0,Charge 5
2024-06-08T22:34:40Z,84.0,Charge 5
2024-06-08T22:34:45Z,86.0,Charge 5
2024-06-08T22:34:50Z,87.0,Charge 5
2024-06-08T22:34:55Z,88.0,Charge 5
2024-06-08T22:35:00Z,91.0,Charge 5
2024-06-08T22:35:15Z,91.0,Charge 5
2024-06-08T22:35:20Z,91.0,Charge 5
2024-06-08T22:35:25Z,90.0,Charge 5
2024-06-08T22:35:30Z,87.0,Charge 5
2024-06-08T22:35:35Z,85.0,Charge 5
2024-06-08T22:35:40Z,84.0,Charge 5
2024-06-08T22:35:55Z,84.0,Charge 5
2024-06-08T22:36:05Z,85.0,Charge 5
2024-06-08T22:36:20Z,84.0,Charge 5
2024-06-08T22:36:35Z,84.0,Charge 5
2024-06-08T22:36:50Z,84.0,Charge 5
2024-06-08T22:37:05Z,84.0,Charge 5
2024-06-08T22:37:10Z,86.0,Charge 5
2024-06-08T22:37:25Z,85.0,Charge 5
2024-06-08T22:37:30Z,86.0,Charge 5
2024-06-08T22:37:45Z,88.0,Charge 5
2024-06-08T22:37:50Z,93.0,Charge 5
2024-06-08T22:37:55Z,92.0,Charge 5
2024-06-08T22:38:00Z,90.0,Charge 5
2024-06-08T22:38:05Z,89.0,Charge 5
2024-06-08T22:38:10Z,88.0,Charge 5
2024-06-08T22:38:15Z,87.0,Charge 5
2024-06-08T22:38:20Z,85.0,Charge 5
2024-06-08T22:38:25Z,85.0,Charge 5
2024-06-08T22:38:40Z,85.0,Charge 5
2024-06-08T22:38:55Z,84.0,Charge 5
2024-06-08T22:39:00Z,85.0,Charge 5
2024-06-08T22:39:15Z,85.0,Charge 5
2024-06-08T22:39:30Z,84.0,Charge 5
2024-06-08T22:39:35Z,83.0,Charge 5
2024-06-08T22:39:50Z,83.0,Charge 5
2024-06-08T22:40:00Z,83.0,Charge 5
2024-06-08T22:40:10Z,84.0,Charge 5
2024-06-08T22:40:15Z,85.0,Charge 5
2024-06-08T22:40:26Z,85.0,Charge 5
2024-06-08T22:40:33Z,85.0,Charge 5
2024-06-08T22:40:38Z,85.0,Charge 5
2024-06-08T22:40:48Z,85.0,Charge 5
2024-06-08T22:41:03Z,85.0,Charge 5
2024-06-08T22:41:18Z,84.0,Charge 5
2024-06-08T22:41:28Z,85.0,Charge 5
2024-06-08T22:41:33Z,87.0,Charge 5
2024-06-08T22:41:43Z,86.0,Charge 5
2024-06-08T22:41:58Z,85.0,Charge 5
2024-06-08T22:42:03Z,84.0,Charge 5
2024-06-08T22:42:18Z,85.0,Charge 5
2024-06-08T22:42:33Z,86.0,Charge 5
2024-06-08T22:42:43Z,87.0,Charge 5
2024-06-08T22:42:48Z,87.0,Charge 5
2024-06-08T22:42:58Z,86.0,Charge 5
2024-06-08T22:43:03Z,88.0,Charge 5
2024-06-08T22:43:08Z,87.0,Charge 5
2024-06-08T22:43:23Z,86.0,Charge 5
2024-06-08T22:43:38Z,86.0,Charge 5
2024-06-08T22:43:43Z,87.0,Charge 5
2024-06-08T22:43:48Z,87.0,Charge 5
2024-06-08T22:43:58Z,88.0,Charge 5
2024-06-08T22:44:03Z,86.0,Charge 5
2024-06-08T22:44:18Z,86.0,Charge 5
2024-06-08T22:44:28Z,87.0,Charge 5
2024-06-08T22:44:33Z,85.0,Charge 5
2024-06-08T22:44:38Z,85.0,Charge 5
2024-06-08T22:44:43Z,85.0,Charge 5
2024-06-08T22:44:53Z,84.0,Charge 5
2024-06-08T22:45:03Z,85.0,Charge 5
2024-06-08T22:45:13Z,86.0,Charge 5
2024-06-08T22:45:18Z,87.0,Charge 5
2024-06-08T22:45:28Z,86.0,Charge 5
2024-06-08T22:45:38Z,87.0,Charge 5
2024-06-08T22:45:48Z,86.0,Charge 5
2024-06-08T22:45:53Z,85.0,Charge 5
2024-06-08T22:46:08Z,85.0,Charge 5
2024-06-08T22:46:23Z,85.0,Charge 5
2024-06-08T22:46:28Z,84.0,Charge 5
2024-06-08T22:46:38Z,84.0,Charge 5
2024-06-08T22:46:43Z,82.0,Charge 5
2024-06-08T22:46:48Z,81.0,Charge 5
2024-06-08T22:46:53Z,82.0,Charge 5
2024-06-08T22:47:03Z,85.0,Charge 5
2024-06-08T22:47:08Z,84.0,Charge 5
2024-06-08T22:47:13Z,84.0,Charge 5
2024-06-08T22:47:28Z,85.0,Charge 5
2024-06-08T22:47:43Z,85.0,Charge 5
2024-06-08T22:47:58Z,85.0,Charge 5
2024-06-08T22:48:13Z,85.0,Charge 5
2024-06-08T22:48:23Z,84.0,Charge 5
2024-06-08T22:48:28Z,81.0,Charge 5
2024-06-08T22:48:38Z,82.0,Charge 5
2024-06-08T22:48:53Z,82.0,Charge 5
2024-06-08T22:48:58Z,86.0,Charge 5
2024-06-08T22:49:03Z,87.0,Charge 5
2024-06-08T22:49:08Z,88.0,Charge 5
2024-06-08T22:49:13Z,87.0,Charge 5
2024-06-08T22:49:18Z,86.0,Charge 5
2024-06-08T22:49:23Z,84.0,Charge 5
2024-06-08T22:49:33Z,83.0,Charge 5
2024-06-08T22:49:38Z,85.0,Charge 5
2024-06-08T22:49:43Z,86.0,Charge 5
2024-06-08T22:49:53Z,85.0,Charge 5
2024-06-08T22:49:58Z,84.0,Charge 5
2024-06-08T22:50:03Z,83.0,Charge 5
2024-06-08T22:50:08Z,82.0,Charge 5
2024-06-08T22:50:13Z,81.0,Charge 5
2024-06-08T22:50:23Z,80.0,Charge 5
2024-06-08T22:50:33Z,80.0,Charge 5
2024-06-08T22:50:38Z,81.0,Charge 5
2024-06-08T22:50:48Z,82.0,Charge 5
2024-06-08T22:50:58Z,82.0,Charge 5
2024-06-08T22:51:13Z,82.0,Charge 5
2024-06-08T22:51:18Z,82.0,Charge 5
2024-06-08T22:51:23Z,81.0,Charge 5
2024-06-08T22:51:38Z,81.0,Charge 5
2024-06-08T22:51:53Z,81.0,Charge 5
2024-06-08T22:52:08Z,81.0,Charge 5
2024-06-08T22:52:13Z,82.0,Charge 5
2024-06-08T22:52:28Z,80.0,Charge 5
2024-06-08T22:52:33Z,80.0,Charge 5
2024-06-08T22:52:48Z,80.0,Charge 5
2024-06-08T22:52:53Z,81.0,Charge 5
2024-06-08T22:53:08Z,81.0,Charge 5
2024-06-08T22:53:13Z,83.0,Charge 5
2024-06-08T22:53:18Z,88.0,Charge 5
2024-06-08T22:53:23Z,89.0,Charge 5
2024-06-08T22:53:33Z,88.0,Charge 5
2024-06-08T22:53:38Z,86.0,Charge 5
2024-06-08T22:53:43Z,84.0,Charge 5
2024-06-08T22:53:53Z,85.0,Charge 5
2024-06-08T22:54:03Z,86.0,Charge 5
2024-06-08T22:54:08Z,87.0,Charge 5
2024-06-08T22:54:13Z,89.0,Charge 5
2024-06-08T22:54:28Z,91.0,Charge 5
2024-06-08T22:54:33Z,94.0,Charge 5
2024-06-08T22:54:38Z,95.0,Charge 5
2024-06-08T22:54:43Z,97.0,Charge 5
2024-06-08T22:54:53Z,96.0,Charge 5
2024-06-08T22:55:03Z,95.0,Charge 5
2024-06-08T22:55:08Z,95.0,Charge 5
2024-06-08T22:55:18Z,94.0,Charge 5
2024-06-08T22:55:23Z,95.0,Charge 5
2024-06-08T22:55:28Z,96.0,Charge 5
2024-06-08T22:55:33Z,97.0,Charge 5
2024-06-08T22:55:39Z,96.0,Charge 5
2024-06-08T22:55:54Z,96.0,Charge 5
2024-06-08T22:55:59Z,97.0,Charge 5
2024-06-08T22:56:09Z,98.0,Charge 5
2024-06-08T22:56:19Z,97.0,Charge 5
2024-06-08T22:56:24Z,96.0,Charge 5
2024-06-08T22:56:39Z,96.0,Charge 5
2024-06-08T22:56:54Z,95.0,Charge 5
2024-06-08T22:57:09Z,96.0,Charge 5
2024-06-08T22:57:24Z,96.0,Charge 5
2024-06-08T22:57:34Z,97.0,Charge 5
2024-06-08T22:57:39Z,99.0,Charge 5
2024-06-08T22:57:44Z,98.0,Charge 5
2024-06-08T22:57:49Z,96.0,Charge 5
2024-06-08T22:58:04Z,96.0,Charge 5
2024-06-08T22:58:09Z,97.0,Charge 5
2024-06-08T22:58:14Z,98.0,Charge 5
2024-06-08T22:58:19Z,96.0,Charge 5
2024-06-08T22:58:24Z,98.0,Charge 5
2024-06-08T22:58:29Z,99.0,Charge 5
2024-06-08T22:58:44Z,99.0,Charge 5
2024-06-08T22:58:54Z,100.0,Charge 5
2024-06-08T22:58:59Z,101.0,Charge 5
2024-06-08T22:59:04Z,100.0,Charge 5
2024-06-08T22:59:14Z,102.0,Charge 5
2024-06-08T22:59:19Z,101.0,Charge 5
2024-06-08T22:59:24Z,96.0,Charge 5
2024-06-08T22:59:29Z,92.0,Charge 5
2024-06-08T22:59:34Z,93.0,Charge 5
2024-06-08T22:59:39Z,95.0,Charge 5
2024-06-08T22:59:49Z,94.0,Charge 5
2024-06-08T22:59:54Z,91.0,Charge 5
2024-06-08T22:59:59Z,90.0,Charge 5
2024-06-08T23:00:04Z,91.0,Charge 5
2024-06-08T23:00:09Z,90.0,Charge 5
2024-06-08T23:00:14Z,88.0,Charge 5
2024-06-08T23:00:19Z,86.0,Charge 5
2024-06-08T23:00:24Z,83.0,Charge 5
2024-06-08T23:00:34Z,87.0,Charge 5
2024-06-08T23:00:44Z,86.0,Charge 5
2024-06-08T23:00:54Z,86.0,Charge 5
2024-06-08T23:01:04Z,84.0,Charge 5
2024-06-08T23:01:09Z,82.0,Charge 5
2024-06-08T23:01:14Z,81.0,Charge 5
2024-06-08T23:01:24Z,82.0,Charge 5
2024-06-08T23:01:34Z,80.0,Charge 5
2024-06-08T23:01:39Z,79.0,Charge 5
2024-06-08T23:01:54Z,79.0,Charge 5
2024-06-08T23:01:59Z,78.0,Charge 5
2024-06-08T23:02:14Z,78.0,Charge 5
2024-06-08T23:02:19Z,77.0,Charge 5
2024-06-08T23:02:29Z,78.0,Charge 5
2024-06-08T23:02:44Z,78.0,Charge 5
2024-06-08T23:02:49Z,79.0,Charge 5
2024-06-08T23:02:54Z,81.0,Charge 5
2024-06-08T23:02:59Z,82.0,Charge 5
2024-06-08T23:03:09Z,83.0,Charge 5
2024-06-08T23:03:14Z,81.0,Charge 5
2024-06-08T23:03:19Z,80.0,Charge 5
2024-06-08T23:03:29Z,79.0,Charge 5
2024-06-08T23:03:44Z,78.0,Charge 5
2024-06-08T23:03:49Z,77.0,Charge 5
2024-06-08T23:03:54Z,76.0,Charge 5
2024-06-08T23:03:59Z,75.0,Charge 5
2024-06-08T23:04:04Z,74.0,Charge 5
2024-06-08T23:04:09Z,75.0,Charge 5
2024-06-08T23:04:19Z,76.0,Charge 5
2024-06-08T23:04:24Z,77.0,Charge 5
2024-06-08T23:04:29Z,76.0,Charge 5
2024-06-08T23:04:34Z,75.0,Charge 5
2024-06-08T23:04:49Z,75.0,Charge 5
2024-06-08T23:04:59Z,76.0,Charge 5
2024-06-08T23:05:14Z,75.0,Charge 5
2024-06-08T23:05:24Z,76.0,Charge 5
2024-06-08T23:05:39Z,75.0,Charge 5
2024-06-08T23:05:44Z,76.0,Charge 5
2024-06-08T23:05:54Z,77.0,Charge 5
2024-06-08T23:06:09Z,77.0,Charge 5
2024-06-08T23:06:19Z,76.0,Charge 5
2024-06-08T23:06:24Z,75.0,Charge 5
2024-06-08T23:06:29Z,74.0,Charge 5
2024-06-08T23:06:34Z,74.0,Charge 5
2024-06-08T23:06:44Z,75.0,Charge 5
2024-06-08T23:06:49Z,76.0,Charge 5
2024-06-08T23:06:54Z,77.0,Charge 5
2024-06-08T23:07:04Z,78.0,Charge 5
2024-06-08T23:07:09Z,77.0,Charge 5
2024-06-08T23:07:19Z,78.0,Charge 5
2024-06-08T23:07:24Z,77.0,Charge 5
2024-06-08T23:07:39Z,77.0,Charge 5
2024-06-08T23:07:49Z,76.0,Charge 5
2024-06-08T23:07:54Z,77.0,Charge 5
2024-06-08T23:08:09Z,77.0,Charge 5
2024-06-08T23:08:24Z,77.0,Charge 5
2024-06-08T23:08:39Z,77.0,Charge 5
2024-06-08T23:08:44Z,78.0,Charge 5
2024-06-08T23:08:54Z,76.0,Charge 5
2024-06-08T23:09:09Z,76.0,Charge 5
2024-06-08T23:09:24Z,77.0,Charge 5
2024-06-08T23:09:29Z,78.0,Charge 5
2024-06-08T23:09:39Z,79.0,Charge 5
2024-06-08T23:09:49Z,78.0,Charge 5
2024-06-08T23:09:54Z,77.0,Charge 5
2024-06-08T23:10:09Z,77.0,Charge 5
2024-06-08T23:10:24Z,78.0,Charge 5
2024-06-08T23:10:34Z,77.0,Charge 5
2024-06-08T23:10:42Z,76.0,Charge 5
2024-06-08T23:10:47Z,75.0,Charge 5
2024-06-08T23:10:57Z,76.0,Charge 5
2024-06-08T23:11:02Z,77.0,Charge 5
2024-06-08T23:11:12Z,76.0,Charge 5
2024-06-08T23:11:27Z,76.0,Charge 5
2024-06-08T23:11:32Z,75.0,Charge 5
2024-06-08T23:11:47Z,75.0,Charge 5
2024-06-08T23:11:52Z,76.0,Charge 5
2024-06-08T23:11:57Z,77.0,Charge 5
2024-06-08T23:12:03Z,78.0,Charge 5
2024-06-08T23:12:08Z,79.0,Charge 5
2024-06-08T23:12:23Z,79.0,Charge 5
2024-06-08T23:12:28Z,80.0,Charge 5
2024-06-08T23:12:33Z,79.0,Charge 5
2024-06-08T23:12:38Z,78.0,Charge 5
2024-06-08T23:12:43Z,77.0,Charge 5
2024-06-08T23:12:48Z,76.0,Charge 5
2024-06-08T23:12:53Z,75.0,Charge 5
2024-06-08T23:13:03Z,76.0,Charge 5
2024-06-08T23:13:13Z,77.0,Charge 5
2024-06-08T23:13:18Z,78.0,Charge 5
2024-06-08T23:13:23Z,79.0,Charge 5
2024-06-08T23:13:28Z,78.0,Charge 5
2024-06-08T23:13:33Z,77.0,Charge 5
2024-06-08T23:13:38Z,76.0,Charge 5
2024-06-08T23:13:48Z,77.0,Charge 5
2024-06-08T23:14:03Z,77.0,Charge 5
2024-06-08T23:14:08Z,76.0,Charge 5
2024-06-08T23:14:13Z,77.0,Charge 5
2024-06-08T23:14:18Z,76.0,Charge 5
2024-06-08T23:14:28Z,77.0,Charge 5
2024-06-08T23:14:38Z,78.0,Charge 5
2024-06-08T23:14:43Z,79.0,Charge 5
2024-06-08T23:14:48Z,78.0,Charge 5
2024-06-08T23:14:53Z,77.0,Charge 5
2024-06-08T23:14:58Z,78.0,Charge 5
2024-06-08T23:15:03Z,78.0,Charge 5
2024-06-08T23:15:08Z,79.0,Charge 5
2024-06-08T23:15:13Z,80.0,Charge 5
2024-06-08T23:15:18Z,79.0,Charge 5
2024-06-08T23:15:28Z,78.0,Charge 5
2024-06-08T23:15:33Z,77.0,Charge 5
2024-06-08T23:15:48Z,76.0,Charge 5
2024-06-08T23:15:58Z,77.0,Charge 5
2024-06-08T23:16:13Z,78.0,Charge 5
2024-06-08T23:16:18Z,77.0,Charge 5
2024-06-08T23:16:23Z,76.0,Charge 5
2024-06-08T23:16:33Z,77.0,Charge 5
2024-06-08T23:16:38Z,78.0,Charge 5
2024-06-08T23:16:43Z,79.0,Charge 5
2024-06-08T23:16:48Z,78.0,Charge 5
2024-06-08T23:16:58Z,77.0,Charge 5
2024-06-08T23:17:03Z,76.0,Charge 5
2024-06-08T23:17:13Z,77.0,Charge 5
2024-06-08T23:17:18Z,78.0,Charge 5
2024-06-08T23:17:23Z,77.0,Charge 5
2024-06-08T23:17:28Z,75.0,Charge 5
2024-06-08T23:17:38Z,76.0,Charge 5
2024-06-08T23:17:48Z,77.0,Charge 5
2024-06-08T23:17:53Z,78.0,Charge 5
2024-06-08T23:18:08Z,77.0,Charge 5
2024-06-08T23:18:13Z,78.0,Charge 5
2024-06-08T23:18:28Z,77.0,Charge 5
2024-06-08T23:18:33Z,77.0,Charge 5
2024-06-08T23:18:38Z,78.0,Charge 5
2024-06-08T23:18:43Z,79.0,Charge 5
2024-06-08T23:18:58Z,78.0,Charge 5
2024-06-08T23:19:03Z,77.0,Charge 5
2024-06-08T23:19:13Z,78.0,Charge 5
2024-06-08T23:19:23Z,77.0,Charge 5
2024-06-08T23:19:28Z,76.0,Charge 5
2024-06-08T23:19:43Z,76.0,Charge 5
2024-06-08T23:19:58Z,75.0,Charge 5
2024-06-08T23:20:08Z,74.0,Charge 5
2024-06-08T23:20:18Z,75.0,Charge 5
2024-06-08T23:20:23Z,76.0,Charge 5
2024-06-08T23:20:28Z,77.0,Charge 5
2024-06-08T23:20:38Z,78.0,Charge 5
2024-06-08T23:20:53Z,78.0,Charge 5
2024-06-08T23:20:58Z,79.0,Charge 5
2024-06-08T23:21:03Z,78.0,Charge 5
2024-06-08T23:21:08Z,77.0,Charge 5
2024-06-08T23:21:23Z,77.0,Charge 5
2024-06-08T23:21:28Z,78.0,Charge 5
2024-06-08T23:21:33Z,80.0,Charge 5
2024-06-08T23:21:38Z,79.0,Charge 5
2024-06-08T23:21:43Z,78.0,Charge 5
2024-06-08T23:21:48Z,77.0,Charge 5
2024-06-08T23:21:53Z,76.0,Charge 5
2024-06-08T23:21:58Z,75.0,Charge 5
2024-06-08T23:22:03Z,75.0,Charge 5
2024-06-08T23:22:08Z,76.0,Charge 5
2024-06-08T23:22:18Z,77.0,Charge 5
2024-06-08T23:22:23Z,78.0,Charge 5
2024-06-08T23:22:28Z,79.0,Charge 5
2024-06-08T23:22:33Z,78.0,Charge 5
2024-06-08T23:22:38Z,76.0,Charge 5
2024-06-08T23:22:53Z,76.0,Charge 5
2024-06-08T23:22:58Z,77.0,Charge 5
2024-06-08T23:23:03Z,78.0,Charge 5
2024-06-08T23:23:13Z,77.0,Charge 5
2024-06-08T23:23:18Z,75.0,Charge 5
2024-06-08T23:23:33Z,76.0,Charge 5
2024-06-08T23:23:43Z,77.0,Charge 5
2024-06-08T23:23:58Z,76.0,Charge 5
2024-06-08T23:24:03Z,75.0,Charge 5
2024-06-08T23:24:18Z,76.0,Charge 5
2024-06-08T23:24:23Z,77.0,Charge 5
2024-06-08T23:24:28Z,78.0,Charge 5
2024-06-08T23:24:43Z,77.0,Charge 5
2024-06-08T23:24:58Z,77.0,Charge 5
2024-06-08T23:25:03Z,76.0,Charge 5
2024-06-08T23:25:08Z,75.0,Charge 5
2024-06-08T23:25:18Z,76.0,Charge 5
2024-06-08T23:25:33Z,77.0,Charge 5
2024-06-08T23:25:44Z,76.0,Charge 5
2024-06-08T23:25:54Z,77.0,Charge 5
2024-06-08T23:26:09Z,77.0,Charge 5
2024-06-08T23:26:19Z,76.0,Charge 5
2024-06-08T23:26:34Z,76.0,Charge 5
2024-06-08T23:26:49Z,77.0,Charge 5
2024-06-08T23:26:54Z,76.0,Charge 5
2024-06-08T23:27:04Z,77.0,Charge 5
2024-06-08T23:27:09Z,78.0,Charge 5
2024-06-08T23:27:19Z,77.0,Charge 5
2024-06-08T23:27:34Z,78.0,Charge 5
2024-06-08T23:27:44Z,79.0,Charge 5
2024-06-08T23:27:49Z,78.0,Charge 5
2024-06-08T23:28:04Z,78.0,Charge 5
2024-06-08T23:28:14Z,79.0,Charge 5
2024-06-08T23:28:19Z,80.0,Charge 5
2024-06-08T23:28:24Z,79.0,Charge 5
2024-06-08T23:28:34Z,78.0,Charge 5
2024-06-08T23:28:39Z,76.0,Charge 5
2024-06-08T23:28:54Z,76.0,Charge 5
2024-06-08T23:29:04Z,77.0,Charge 5
2024-06-08T23:29:09Z,78.0,Charge 5
2024-06-08T23:29:14Z,77.0,Charge 5
2024-06-08T23:29:19Z,78.0,Charge 5
2024-06-08T23:29:24Z,79.0,Charge 5
2024-06-08T23:29:29Z,78.0,Charge 5
2024-06-08T23:29:44Z,76.0,Charge 5
2024-06-08T23:29:49Z,75.0,Charge 5
2024-06-08T23:29:59Z,76.0,Charge 5
2024-06-08T23:30:04Z,77.0,Charge 5
2024-06-08T23:30:09Z,75.0,Charge 5
2024-06-08T23:30:19Z,76.0,Charge 5
2024-06-08T23:30:24Z,77.0,Charge 5
2024-06-08T23:30:29Z,76.0,Charge 5
2024-06-08T23:30:34Z,77.0,Charge 5
2024-06-08T23:30:39Z,78.0,Charge 5
2024-06-08T23:30:49Z,77.0,Charge 5
2024-06-08T23:30:54Z,75.0,Charge 5
2024-06-08T23:31:09Z,76.0,Charge 5
2024-06-08T23:31:24Z,75.0,Charge 5
2024-06-08T23:31:39Z,76.0,Charge 5
2024-06-08T23:31:44Z,77.0,Charge 5
2024-06-08T23:31:49Z,76.0,Charge 5
2024-06-08T23:31:54Z,74.0,Charge 5
2024-06-08T23:32:04Z,75.0,Charge 5
2024-06-08T23:32:14Z,76.0,Charge 5
2024-06-08T23:32:29Z,75.0,Charge 5
2024-06-08T23:32:34Z,74.0,Charge 5
2024-06-08T23:32:44Z,76.0,Charge 5
2024-06-08T23:32:59Z,76.0,Charge 5
2024-06-08T23:33:04Z,75.0,Charge 5
2024-06-08T23:33:09Z,74.0,Charge 5
2024-06-08T23:33:24Z,74.0,Charge 5
2024-06-08T23:33:34Z,75.0,Charge 5
2024-06-08T23:33:39Z,75.0,Charge 5
2024-06-08T23:33:54Z,73.0,Charge 5
2024-06-08T23:33:59Z,74.0,Charge 5
2024-06-08T23:34:04Z,75.0,Charge 5
2024-06-08T23:34:09Z,76.0,Charge 5
2024-06-08T23:34:19Z,77.0,Charge 5
2024-06-08T23:34:34Z,75.0,Charge 5
2024-06-08T23:34:39Z,74.0,Charge 5
2024-06-08T23:34:49Z,73.0,Charge 5
2024-06-08T23:34:54Z,74.0,Charge 5
2024-06-08T23:34:59Z,75.0,Charge 5
2024-06-08T23:35:09Z,77.0,Charge 5
2024-06-08T23:35:14Z,78.0,Charge 5
2024-06-08T23:35:19Z,82.0,Charge 5
2024-06-08T23:35:24Z,94.0,Charge 5
2024-06-08T23:35:29Z,93.0,Charge 5
2024-06-08T23:35:34Z,86.0,Charge 5
2024-06-08T23:35:39Z,81.0,Charge 5
2024-06-08T23:35:44Z,76.0,Charge 5
2024-06-08T23:35:49Z,74.0,Charge 5
2024-06-08T23:35:54Z,73.0,Charge 5
2024-06-08T23:36:09Z,73.0,Charge 5
2024-06-08T23:36:14Z,74.0,Charge 5
2024-06-08T23:36:24Z,75.0,Charge 5
2024-06-08T23:36:34Z,77.0,Charge 5
2024-06-08T23:36:39Z,80.0,Charge 5
2024-06-08T23:36:44Z,80.0,Charge 5
2024-06-08T23:36:49Z,77.0,Charge 5
2024-06-08T23:36:54Z,76.0,Charge 5
2024-06-08T23:36:59Z,75.0,Charge 5
2024-06-08T23:37:04Z,74.0,Charge 5
2024-06-08T23:37:09Z,73.0,Charge 5
2024-06-08T23:37:14Z,72.0,Charge 5
2024-06-08T23:37:19Z,73.0,Charge 5
2024-06-08T23:37:29Z,74.0,Charge 5
2024-06-08T23:37:34Z,75.0,Charge 5
2024-06-08T23:37:49Z,77.0,Charge 5
2024-06-08T23:37:54Z,78.0,Charge 5
2024-06-08T23:37:59Z,80.0,Charge 5
2024-06-08T23:38:09Z,79.0,Charge 5
2024-06-08T23:38:14Z,78.0,Charge 5
2024-06-08T23:38:19Z,77.0,Charge 5
2024-06-08T23:38:29Z,76.0,Charge 5
2024-06-08T23:38:34Z,75.0,Charge 5
2024-06-08T23:38:44Z,74.0,Charge 5
2024-06-08T23:38:49Z,73.0,Charge 5
2024-06-08T23:38:59Z,74.0,Charge 5
2024-06-08T23:39:04Z,75.0,Charge 5
2024-06-08T23:39:19Z,75.0,Charge 5
2024-06-08T23:39:29Z,76.0,Charge 5
2024-06-08T23:39:44Z,77.0,Charge 5
2024-06-08T23:39:49Z,76.0,Charge 5
2024-06-08T23:39:59Z,77.0,Charge 5
2024-06-08T23:40:04Z,78.0,Charge 5
2024-06-08T23:40:09Z,79.0,Charge 5
2024-06-08T23:40:14Z,78.0,Charge 5
2024-06-08T23:40:19Z,77.0,Charge 5
2024-06-08T23:40:24Z,76.0,Charge 5
2024-06-08T23:40:29Z,75.0,Charge 5
2024-06-08T23:40:39Z,74.0,Charge 5
2024-06-08T23:40:51Z,73.0,Charge 5
2024-06-08T23:40:56Z,74.0,Charge 5
2024-06-08T23:41:01Z,75.0,Charge 5
2024-06-08T23:41:06Z,76.0,Charge 5
2024-06-08T23:41:11Z,77.0,Charge 5
2024-06-08T23:41:21Z,78.0,Charge 5
2024-06-08T23:41:26Z,77.0,Charge 5
2024-06-08T23:41:31Z,76.0,Charge 5
2024-06-08T23:41:41Z,75.0,Charge 5
2024-06-08T23:41:51Z,76.0,Charge 5
2024-06-08T23:42:01Z,77.0,Charge 5
2024-06-08T23:42:16Z,77.0,Charge 5
2024-06-08T23:42:21Z,78.0,Charge 5
2024-06-08T23:42:26Z,77.0,Charge 5
2024-06-08T23:42:41Z,78.0,Charge 5
2024-06-08T23:42:46Z,77.0,Charge 5
2024-06-08T23:42:56Z,76.0,Charge 5
2024-06-08T23:43:06Z,77.0,Charge 5
2024-06-08T23:43:21Z,77.0,Charge 5
2024-06-08T23:43:36Z,76.0,Charge 5
2024-06-08T23:43:51Z,76.0,Charge 5
2024-06-08T23:44:01Z,77.0,Charge 5
2024-06-08T23:44:06Z,78.0,Charge 5
2024-06-08T23:44:11Z,79.0,Charge 5
2024-06-08T23:44:21Z,78.0,Charge 5
2024-06-08T23:44:26Z,77.0,Charge 5
2024-06-08T23:44:31Z,76.0,Charge 5
2024-06-08T23:44:36Z,75.0,Charge 5
2024-06-08T23:44:51Z,76.0,Charge 5
2024-06-08T23:44:56Z,78.0,Charge 5
2024-06-08T23:45:06Z,77.0,Charge 5
2024-06-08T23:45:11Z,75.0,Charge 5
2024-06-08T23:45:21Z,76.0,Charge 5
2024-06-08T23:45:26Z,77.0,Charge 5
2024-06-08T23:45:31Z,78.0,Charge 5
2024-06-08T23:45:41Z,77.0,Charge 5
2024-06-08T23:45:51Z,76.0,Charge 5
2024-06-08T23:46:01Z,77.0,Charge 5
2024-06-08T23:46:06Z,76.0,Charge 5
2024-06-08T23:46:21Z,77.0,Charge 5
2024-06-08T23:46:36Z,77.0,Charge 5
2024-06-08T23:46:41Z,78.0,Charge 5
2024-06-08T23:46:51Z,79.0,Charge 5
2024-06-08T23:46:56Z,78.0,Charge 5
2024-06-08T23:47:01Z,76.0,Charge 5
2024-06-08T23:47:06Z,75.0,Charge 5
2024-06-08T23:47:16Z,76.0,Charge 5
2024-06-08T23:47:21Z,77.0,Charge 5
2024-06-08T23:47:36Z,77.0,Charge 5
2024-06-08T23:47:51Z,76.0,Charge 5
2024-06-08T23:47:56Z,75.0,Charge 5
2024-06-08T23:48:11Z,77.0,Charge 5
2024-06-08T23:48:16Z,78.0,Charge 5
2024-06-08T23:48:31Z,77.0,Charge 5
2024-06-08T23:48:36Z,77.0,Charge 5
2024-06-08T23:48:41Z,76.0,Charge 5
2024-06-08T23:48:56Z,77.0,Charge 5
2024-06-08T23:49:01Z,78.0,Charge 5
2024-06-08T23:49:06Z,77.0,Charge 5
2024-06-08T23:49:21Z,76.0,Charge 5
2024-06-08T23:49:26Z,75.0,Charge 5
2024-06-08T23:49:36Z,76.0,Charge 5
2024-06-08T23:49:51Z,77.0,Charge 5
2024-06-08T23:49:56Z,78.0,Charge 5
2024-06-08T23:50:06Z,77.0,Charge 5
2024-06-08T23:50:16Z,76.0,Charge 5
2024-06-08T23:50:31Z,76.0,Charge 5
2024-06-08T23:50:36Z,77.0,Charge 5
2024-06-08T23:50:51Z,77.0,Charge 5
2024-06-08T23:50:56Z,76.0,Charge 5
2024-06-08T23:51:01Z,77.0,Charge 5
2024-06-08T23:51:06Z,78.0,Charge 5
2024-06-08T23:51:11Z,77.0,Charge 5
2024-06-08T23:51:16Z,75.0,Charge 5
2024-06-08T23:51:26Z,76.0,Charge 5
2024-06-08T23:51:36Z,77.0,Charge 5
2024-06-08T23:51:51Z,77.0,Charge 5
2024-06-08T23:52:01Z,78.0,Charge 5
2024-06-08T23:52:16Z,80.0,Charge 5
2024-06-08T23:52:21Z,79.0,Charge 5
2024-06-08T23:52:36Z,77.0,Charge 5
2024-06-08T23:52:41Z,76.0,Charge 5
2024-06-08T23:52:51Z,77.0,Charge 5
2024-06-08T23:52:56Z,78.0,Charge 5
2024-06-08T23:53:01Z,76.0,Charge 5
2024-06-08T23:53:06Z,75.0,Charge 5
2024-06-08T23:53:16Z,76.0,Charge 5
2024-06-08T23:53:21Z,75.0,Charge 5
2024-06-08T23:53:31Z,76.0,Charge 5
2024-06-08T23:53:36Z,78.0,Charge 5
2024-06-08T23:53:46Z,76.0,Charge 5
2024-06-08T23:53:56Z,78.0,Charge 5
2024-06-08T23:54:01Z,79.0,Charge 5
2024-06-08T23:54:06Z,81.0,Charge 5
2024-06-08T23:54:11Z,84.0,Charge 5
2024-06-08T23:54:16Z,85.0,Charge 5
2024-06-08T23:54:21Z,84.0,Charge 5
2024-06-08T23:54:26Z,82.0,Charge 5
2024-06-08T23:54:31Z,80.0,Charge 5
2024-06-08T23:54:36Z,78.0,Charge 5
2024-06-08T23:54:41Z,77.0,Charge 5
2024-06-08T23:54:46Z,78.0,Charge 5
2024-06-08T23:54:56Z,79.0,Charge 5
2024-06-08T23:55:11Z,79.0,Charge 5
2024-06-08T23:55:16Z,77.0,Charge 5
2024-06-08T23:55:31Z,77.0,Charge 5
2024-06-08T23:55:36Z,76.0,Charge 5
2024-06-08T23:55:46Z,75.0,Charge 5
2024-06-08T23:55:51Z,75.0,Charge 5
2024-06-08T23:55:57Z,75.0,Charge 5
2024-06-08T23:56:02Z,76.0,Charge 5
2024-06-08T23:56:07Z,78.0,Charge 5
2024-06-08T23:56:12Z,79.0,Charge 5
2024-06-08T23:56:17Z,78.0,Charge 5
2024-06-08T23:56:27Z,77.0,Charge 5
2024-06-08T23:56:32Z,76.0,Charge 5
2024-06-08T23:56:42Z,77.0,Charge 5
2024-06-08T23:56:57Z,78.0,Charge 5
2024-06-08T23:57:12Z,77.0,Charge 5
2024-06-08T23:57:17Z,76.0,Charge 5
2024-06-08T23:57:27Z,75.0,Charge 5
2024-06-08T23:57:37Z,76.0,Charge 5
2024-06-08T23:57:42Z,75.0,Charge 5
2024-06-08T23:57:52Z,76.0,Charge 5
2024-06-08T23:57:57Z,77.0,Charge 5
2024-06-08T23:58:02Z,78.0,Charge 5
2024-06-08T23:58:12Z,77.0,Charge 5
2024-06-08T23:58:22Z,75.0,Charge 5
2024-06-08T23:58:27Z,74.0,Charge 5
2024-06-08T23:58:37Z,75.0,Charge 5
2024-06-08T23:58:42Z,77.0,Charge 5
2024-06-08T23:58:47Z,78.0,Charge 5
2024-06-08T23:58:52Z,79.0,Charge 5
2024-06-08T23:58:57Z,78.0,Charge 5
2024-06-08T23:59:12Z,79.0,Charge 5
2024-06-08T23:59:17Z,77.0,Charge 5
2024-06-08T23:59:22Z,77.0,Charge 5
2024-06-08T23:59:27Z,78.0,Charge 5
2024-06-08T23:59:32Z,79.0,Charge 5
2024-06-08T23:59:37Z,78.0,Charge 5
2024-06-08T23:59:52Z,79.0,Charge 5
